results/Maxent_Output/Bufo_bufo_kde_bias.asc
NCOLS 100 
NROWS 100 
XLLCORNER 0 
YLLCORNER 0 
CELLSIZE 0.01 
NODATA_value -9999 
[rows 36 to 53 of 100, columns 0 to 40 of 100]
6.30419215019575e-17 9.04237952792547e-16 9.43057910933291e-15 7.15166779766401e-14 3.94396365969095e-13 1.58228908269874e-12 4.62531779958139e-12 9.91205577241384e-12 1.59437262147088e-11 2.08765973097392e-11 2.69739799913877e-11 4.03683633628543e-11 6.23291661670871e-11 8.4723191929301e-11 1.01128920059468e-10 1.17204411052391e-10 1.3958108656714e-10 1.60501375084955e-10 1.65125012256347e-10 1.48869449700675e-10 1.19293683091427e-10 8.66464721383755e-11 5.84955154391038e-11 3.8719977887884e-11 2.67489773312121e-11 1.90953447495647e-11 1.3331893614407e-11 9.84367501409027e-12 9.67917498495615e-12 1.22700597431623e-11 1.57229872674344e-11 1.83115866059097e-11 1.93046667531816e-11 1.92905043036879e-11 2.08801779853157e-11 2.83242306727099e-11 4.32702005956649e-11 6.02208055532599e-11 6.98228042075814e-11 6.73558951951467e-11 5.52959465063677e-11
1.29483148942152e-17 2.18613604728483e-16 2.68374446281364e-15 2.39557335256988e-14 1.55488750509499e-13 7.33966117059727e-13 2.52117226952913e-12 6.31703489539401e-12 1.16536913099196e-11 1.63939147305761e-11 1.96616985889709e-11 2.48469722680945e-11 3.58975235350579e-11 5.01233962230899e-11 6.02231299561958e-11 6.5023240487422e-11 7.08453218606493e-11 7.99027068696511e-11 8.55885564879598e-11 8.15463388971818e-11 6.85580819369666e-11 5.15824924510423e-11 3.53484709699184e-11 2.3105069036734e-11 1.58214416564954e-11 1.19504573408852e-11 9.56207958626427e-12 8.66820470478775e-12 1.06070136190742e-11 1.55193213806141e-11 2.12521393489551e-11 2.47323053042221e-11 2.41790121104496e-11 2.03304111065304e-11 1.61081569783605e-11 1.51880312003197e-11 1.97954360465787e-11 2.83015575566468e-11 3.55632345917303e-11 3.7224400013364e-11 3.28834788088896e-11
1.95988701080032e-18 3.89498735729702e-17 5.62833860141948e-16 5.91364445545599e-15 4.51791053708709e-14 2.50988251745418e-13 1.01415588176476e-12 2.98328886485077e-12 6.41235968785239e-12 1.02155629245955e-11 1.27031973869017e-11 1.42876235705685e-11 1.78712293357552e-11 2.45257648133078e-11 3.0693308575359e-11 3.27683017874904e-11 3.24000145531434e-11 3.33570768674372e-11 3.54019825226919e-11 3.52010484511665e-11 3.11965700525583e-11 2.46308852089148e-11 1.75197546495402e-11 1.15594640082984e-11 7.78957932814429e-12 6.12724751184099e-12 5.87081009046557e-12 7.11873649375899e-12 1.10123699607957e-11 1.79756027525441e-11 2.60087026067919e-11 3.13552482633696e-11 3.11163485535375e-11 2.5409876965005e-11 1.73752738223585e-11 1.10757397303604e-11 9.00945368559509e-12 1.09387404578492e-11 1.4366455417075e-11 1.64551734885225e-11 1.59622986192284e-11
2.18616026990753e-19 5.11408903152332e-18 8.69868024378123e-17 1.07581576771514e-15 9.67440996910883e-15 6.32591391035641e-14 3.00797556282707e-13 1.04048447009683e-12 2.6219951516489e-12 4.84085990267487e-12 6.69185747363594e-12 7.46686116721357e-12 8.07456075876768e-12 9.9964850057953e-12 1.278036384632e-11 1.42450976771188e-11 1.36069440234437e-11 1.24752203716547e-11 1.21894253812004e-11 1.21523604541415e-11 1.12744688881624e-11 9.41999645733141e-12 7.11999300543645e-12 4.96625274083448e-12 3.46996252025527e-12 2.94689333347853e-12 3.57898519096473e-12 5.90634457019971e-12 1.09413027894931e-11 1.90203876373464e-11 2.82648697329706e-11 3.48520728165807e-11 3.55093169465198e-11 2.98390305331554e-11 2.05444571893808e-11 1.16730469773806e-11 6.10991663785394e-12 4.26585045401456e-12 4.7287085105956e-12 5.70999460414152e-12 6.10344142170964e-12
1.79707433295855e-20 4.9483871560876e-19 9.90740594433976e-18 1.44229853485341e-16 1.5266880313308e-15 1.17503111329477e-14 6.57609490984189e-14 2.67650727182473e-13 7.92675890035453e-13 1.71206240700384e-12 2.72047287398645e-12 3.28692117498581e-12 3.35708513202966e-12 3.56746783592926e-12 4.32367428370171e-12 5.06938549452493e-12 5.05688388048598e-12 4.44101595566427e-12 3.93027469715755e-12 3.75034367546677e-12 3.60263003523967e-12 3.28933816335277e-12 2.87760816160756e-12 2.49043259212084e-12 2.23979902745938e-12 2.31011628186927e-12 3.15206663503165e-12 5.69059839142402e-12 1.10230753590959e-11 1.92940570503936e-11 2.85203068970959e-11 3.49903420442631e-11 3.56811829396e-11 3.04030847219447e-11 2.1585778941654e-11 1.25969256858689e-11 6.0289660290494e-12 2.63494874180522e-12 1.58302839408928e-12 1.60140256098704e-12 1.81394217485993e-12
1.08863713761576e-21 3.52851645329227e-20 8.31571796112944e-19 1.4249711148518e-17 1.77546238726822e-16 1.6084870453577e-15 1.0595720952159e-14 5.07545146357372e-14 1.76826124997468e-13 4.48463898548485e-13 8.30859835167215e-13 1.13981356182108e-12 1.21664641023418e-12 1.16640124817308e-12 1.24081302958382e-12 1.47321428097712e-12 1.65876534940159e-12 1.71946912111809e-12 1.80526148291722e-12 1.98396866940112e-12 2.15491166492844e-12 2.32212857434955e-12 2.63913781511687e-12 3.15938104412466e-12 3.7541092241716e-12 4.28838062290952e-12 5.01886618450019e-12 7.0278215253574e-12 1.17824199101706e-11 1.95161842178093e-11 2.80145751291352e-11 3.35061364050646e-11 3.33077591039097e-11 2.77917142139533e-11 1.96557185485933e-11 1.17449303108431e-11 5.81496109348755e-12 2.3605199065584e-12 8.71910832475306e-13 4.57673061404568e-13 4.36328289440779e-13
4.8599668162869e-23 1.85418766669519e-21 5.14366474043362e-20 1.03750510397988e-18 1.52162140687164e-17 1.62264073648649e-16 1.2581718631478e-15 7.09363728606465e-15 2.90835429969933e-14 8.67411654200611e-14 1.88451526738931e-13 2.99872359800484e-13 3.56981445930279e-13 3.43041577236548e-13 3.26152479666096e-13 3.94499283292779e-13 6.18505082005609e-13 1.11495510737774e-12 1.9932201914744e-12 3.08585958529279e-12 3.9697621229427e-12 4.5501401585056e-12 5.31334881437791e-12 6.67258617046852e-12 8.39259399511438e-12 9.80556889714266e-12 1.05031550916655e-11 1.1264495593785e-11 1.41035780766912e-11 2.01420573488761e-11 2.73752737969163e-11 3.17128501627757e-11 3.04561207066079e-11 2.43636976647173e-11 1.64997066816482e-11 9.60753528438197e-12 4.8033837584076e-12 2.01359132446706e-12 6.9532335712086e-13 2.21076492103149e-13 1.14771058269643e-13
1.59888236916357e-24 7.18039416037605e-23 2.34465328128328e-21 5.56682493770884e-20 9.61026026868588e-19 1.20631750442257e-17 1.10100163026982e-16 7.30664357718869e-16 3.5258713158095e-15 1.23735125352898e-14 3.15962753905727e-14 5.88393707841103e-14 8.06724558389017e-14 8.50702096716272e-14 8.46009403427743e-14 1.37934488614668e-13 4.03625432749138e-13 1.22822183977308e-12 3.02767714544848e-12 5.71113591824421e-12 8.29883772368016e-12 9.88233706419422e-12 1.10065430512205e-11 1.30612658054487e-11 1.6328072948744e-11 1.95078699618532e-11 2.09474007546266e-11 2.03486256278017e-11 1.98505706709084e-11 2.2214385303481e-11 2.69538365180959e-11 2.9982204125032e-11 2.79587493971872e-11 2.14784662988459e-11 1.37445306848969e-11 7.49246967217459e-12 3.55875707661628e-12 1.47744611221967e-12 5.22523362786604e-13 1.55984216274541e-13 5.93400243837908e-14
3.87643738876746e-26 2.04916030469682e-24 7.87621685593015e-23 2.20119223510795e-21 4.47297921400733e-20 6.60898071577513e-19 7.10020951298645e-18 5.54636459834741e-17 3.15030227263727e-16 1.30114922979512e-15 3.9087597247815e-15 8.55075005609741e-15 1.37194703203912e-14 1.70434501890647e-14 2.36677530832224e-14 7.60795230914946e-14 3.5289425366448e-13 1.36573097461365e-12 3.98793752014929e-12 8.68869516546656e-12 1.42528355709643e-11 1.82516412063866e-11 2.00278373975023e-11 2.19498602343237e-11 2.61900186414031e-11 3.16673154465925e-11 3.51267189301034e-11 3.42889760086279e-11 3.0358587696396e-11 2.74462501577705e-11 2.78258086862169e-11 2.87504472495469e-11 2.60994760769058e-11 1.94848092350426e-11 1.18862463357839e-11 6.03002954912599e-12 2.6178906433978e-12 1.00277185894351e-12 3.42563340493377e-13 1.03905075926171e-13 4.44215422955764e-14
6.92599357014647e-28 4.3095967445336e-26 1.94979859774759e-24 6.41418444468833e-23 1.53423439856551e-21 2.66833655746501e-20 3.37433556213646e-19 3.10266820704934e-18 2.07436227031036e-17 1.00844069742351e-16 3.56552551297816e-16 9.18406795306012e-16 1.75090369083947e-15 2.86031689552023e-15 8.00559965394193e-15 4.78218964611138e-14 2.80143645920851e-13 1.25771898305038e-12 4.20780147986168e-12 1.04725201330897e-11 1.94823610485119e-11 2.75796349824598e-11 3.1338463198435e-11 3.23153136849623e-11 3.53023585988486e-11 4.17216036807328e-11 4.77273893968255e-11 4.85177694555276e-11 4.31322986978342e-11 3.56506650348357e-11 3.09261370236118e-11 2.8862801286951e-11 2.54033488789918e-11 1.8716432728612e-11 1.10793648840121e-11 5.29632824320625e-12 2.09669828735287e-12 7.12721342041563e-13 2.16652253483208e-13 6.16532384740777e-14 3.00556364364985e-14
9.11936176034611e-30 6.6792913051552e-28 3.5570903278524e-26 1.37739331802909e-24 3.87810553352942e-23 7.93925707397461e-22 1.18178581986219e-20 1.27907729294487e-19 1.00660005430032e-18 5.76029933546834e-18 2.3983237516009e-17 7.30708093313496e-17 1.72579292373937e-16 4.78229406443012e-16 3.11097342416622e-15 2.65121393790937e-14 1.81632917956257e-13 9.30188472329885e-13 3.54070291887688e-12 1.00258700654335e-11 2.11759838990725e-11 3.3639438393985e-11 4.12698836898154e-11 4.21448739407181e-11 4.16765051027832e-11 4.55068768291512e-11 5.21992191122094e-11 5.54945617888197e-11 5.14965390947764e-11 4.25336074102804e-11 3.44476318601075e-11 2.98509525100286e-11 2.58308834122616e-11 1.93410559881914e-11 1.15405379003124e-11 5.38073332692971e-12 1.98716364753082e-12 6.00371820809732e-13 1.55495857677608e-13 3.72732904219701e-14 1.70501386033475e-14
8.8487078060359e-32 7.62881679046846e-30 4.78225890041424e-28 2.17975434256174e-26 7.22404744986316e-25 1.74081337110213e-23 3.05015940441023e-22 3.88590855649659e-21 3.5997492217117e-20 2.42527874653125e-19 1.19120933406312e-18 4.36933088227612e-18 1.47651221823554e-17 9.63522599189415e-17 1.13183367385301e-15 1.18602458068115e-14 9.35797704482877e-14 5.47011595450291e-13 2.37057789376062e-12 7.63340164747311e-12 1.83105374068276e-11 3.28661524459441e-11 4.46911898992166e-11 4.78203407322365e-11 4.45770141895042e-11 4.30152888805774e-11 4.66022363379411e-11 5.08101933413476e-11 4.96736209990432e-11 4.25744993468208e-11 3.4269089047655e-11 2.8929332000584e-11 2.54114495755261e-11 2.0146503562517e-11 1.2822712860877e-11 6.24613310277812e-12 2.31184250059759e-12 6.59702854914402e-13 1.49942259855733e-13 2.89479746203326e-14 8.91662239491947e-15
6.32744406320847e-34 6.42121239836084e-32 4.73810111479531e-30 2.54208566922468e-28 9.91686984073471e-27 2.81292180534946e-25 5.80149261196897e-24 8.70011771002089e-23 9.48762134152923e-22 7.53152046982046e-21 4.3980273299343e-20 2.08735121676487e-19 1.40712132815073e-18 2.09316635173275e-17 3.35024289696495e-16 4.12997992262172e-15 3.75956516454832e-14 2.52257993409307e-13 1.25056164292047e-12 4.59381269354771e-12 1.25417169172103e-11 2.55390956929453e-11 3.90409277837642e-11 4.55993176105018e-11 4.29220283092804e-11 3.7192982764598e-11 3.54374240513677e-11 3.75387576618522e-11 3.82489728390347e-11 3.44599278349187e-11 2.83405686099329e-11 2.38915897416942e-11 2.16872234892234e-11 1.87164603714123e-11 1.32702054862242e-11 7.18615028323723e-12 2.90175386199734e-12 8.71642717835621e-13 1.96693710167734e-13 3.42114662402957e-14 6.0512898917878e-15
3.33433955531544e-36 3.98299660137607e-34 3.4594624048657e-32 2.18477071013023e-30 1.00323275392427e-28 3.34962597106485e-27 8.13189196346638e-26 1.43551241631509e-24 1.84349013899499e-23 1.73029245904123e-22 1.24299522929678e-21 9.62811557498113e-21 1.63828275200812e-19 3.91651940489953e-18 7.62095384815483e-17 1.09689283897631e-15 1.15799141202967e-14 8.97735738023554e-14 5.12362592640153e-13 2.15909031154421e-12 6.7395813265771e-12 1.56387668138496e-11 2.7099126629669e-11 3.53761886158857e-11 3.56598607359026e-11 2.98769410210227e-11 2.45597636753241e-11 2.32000446519506e-11 2.36004245574466e-11 2.22896608026855e-11 1.89609875607695e-11 1.60451737510234e-11 1.49573026898705e-11 1.41036778930735e-11 1.13429828954342e-11 7.04124598046028e-12 3.250093297471e-12 1.1033174800497e-12 2.75220197185276e-13 5.07121489477814e-14 7.28849680246184e-15
1.29486467867154e-38 1.82068949338931e-36 1.86142677512642e-34 1.38374034687653e-32 7.4793165175744e-31 2.93946799190492e-29 8.4000872063256e-28 1.74580692209941e-26 2.64433087037285e-25 2.98122096264631e-24 3.00637203305221e-23 5.46944527638209e-22 1.84616249875109e-20 5.67318286289486e-19 1.30410364033831e-17 2.19405450657123e-16 2.69919122622992e-15 2.43178559375642e-14 1.60787673216235e-13 7.82269102946287e-13 2.80912144698441e-12 7.47153599951938e-12 1.47784367000172e-11 2.18619851100695e-11 2.44791057826799e-11 2.14796233424933e-11 1.63258552974963e-11 1.30225698564906e-11 1.21205856014338e-11 1.16120875165409e-11 1.02231627606342e-11 8.67679013817095e-12 8.12857638712948e-12 8.23706863066542e-12 7.51510510831235e-12 5.40065106945958e-12 2.89868728642062e-12 1.14231018764741e-12 3.28941617526462e-13 6.91913433476273e-14 1.07069286662248e-14
3.70571481789049e-41 6.13330958145287e-39 7.38101946848805e-37 6.45857080475187e-35 4.10918311306625e-33 1.90097977446726e-31 6.39503062302173e-30 1.5658899168691e-28 2.81769530591898e-27 4.07993359063047e-26 8.03467998082146e-25 3.48835313427149e-23 1.67111278815016e-21 6.16265997087988e-20 1.66543820918449e-18 3.2841982847384e-17 4.72838655809171e-16 4.9769206681494e-15 3.83662440522452e-14 2.1710079489944e-13 9.04277162088791e-13 2.78164348730162e-12 6.34375223280974e-12 1.07788957025572e-11 1.37563029692135e-11 1.34405603327306e-11 1.06076231141945e-11 7.70739225525813e-12 6.13754434382229e-12 5.43258529548108e-12 4.70813709343857e-12 3.89914676483178e-12 3.52059249116947e-12 3.68771200342004e-12 3.76339338995906e-12 3.12961043847149e-12 1.96271030537291e-12 9.05420094951314e-13 3.0496199178873e-13 7.48448810275747e-14 1.3389189405392e-14
7.81542597367716e-44 1.52260390091556e-41 2.15684933693804e-39 2.22152621070792e-37 1.66373293998278e-35 9.0601315498888e-34 3.58913372420636e-32 1.0388135821161e-30 2.29301329385215e-29 5.3339873315361e-28 2.67803996325672e-26 1.93582259339207e-24 1.14533047618058e-22 4.99725555305185e-21 1.59106598452563e-19 3.69568343901642e-18 6.26903910742646e-17 7.77775595714528e-16 7.07121284942908e-15 4.72251498008596e-14 2.3236733269576e-13 8.45312413204156e-13 2.28296082150725e-12 4.60209270333651e-12 6.98625457670099e-12 8.14100944793442e-12 7.61683031416688e-12 6.25342770592611e-12 4.99880013317672e-12 3.97275167693975e-12 2.94511654680027e-12 2.00047966712589e-12 1.43010853576215e-12 1.32448671166028e-12 1.42499100039277e-12 1.35383552766569e-12 9.91167378466362e-13 5.3641328465451e-13 2.12142115933348e-13 6.11153335994821e-14 1.28187529300935e-14
1.21469253967934e-46 2.78555697711251e-44 4.64468626091953e-42 5.6311900242624e-40 4.9642275407705e-38 3.18269498053061e-36 1.486925145051e-34 5.16391923044781e-33 1.58806220807998e-31 8.64346232597464e-30 8.8831780689222e-28 8.40529900880497e-26 5.95907488380734e-24 3.0932933327855e-22 1.17456321924915e-20 3.26786083120935e-19 6.67720856288797e-18 1.004834525416e-16 1.11726266248333e-15 9.20992481499988e-15 5.64726275907386e-14 2.58337190817844e-13 8.83997677588397e-13 2.27019881439462e-12 4.40661644267473e-12 6.58412971551787e-12 7.89560211029367e-12 8.15335866272227e-12 7.71242189535075e-12 6.61120902366155e-12 4.79183219625565e-12 2.78223054560378e-12 1.3212776183738e-12 6.38291765561451e-13 4.66084382395155e-13 4.44888439891091e-13 3.72030241588766e-13 2.35609691905985e-13 1.09510924231115e-13 3.71386408198839e-14 9.21792757763259e-15
