results/Maxent_Output/Bufo_bufo_kde_bias.asc
NCOLS 100 
NROWS 100 
XLLCORNER 0 
YLLCORNER 0 
CELLSIZE 0.01 
NODATA_value -9999 
[rows 72 to 89 of 100, columns 0 to 40 of 100]
9.91068019850552e-111 7.12673894478007e-106 3.72629172346144e-101 1.41664663390106e-96 3.9160215101286e-92 7.8709633027006e-88 1.15029988887585e-83 1.22235506453429e-79 9.44481971762921e-76 5.3066116928257e-72 2.16826287406671e-68 6.44447174672375e-65 1.3941811334567e-61 2.19885991706187e-58 2.53824511611303e-55 2.16509119401443e-52 1.39491141082038e-49 7.09476143778443e-47 3.04547532184449e-44 1.16311994760073e-41 3.90121929320052e-39 1.07739069450046e-36 2.30573048933216e-34 3.69112403287317e-32 4.34749629317705e-30 3.7410786308973e-28 2.34522794595006e-26 1.06980191684442e-24 3.54937670175861e-23 8.56350940822282e-22 1.50234905250003e-20 1.91644673071243e-19 1.777560983907e-18 1.19881491875909e-17 5.87866692773685e-17 2.09606306027416e-16 5.43411072842602e-16 1.02435672582911e-15 1.40401757454373e-15 1.39924074593213e-15 1.01393740388077e-15
8.25013519484983e-115 6.98328696990592e-110 4.29791076786976e-105 1.92332976899724e-100 6.25819945061666e-96 1.48062618626803e-91 2.54709169758344e-87 3.18605877403599e-83 2.8979471070702e-79 1.91689548513541e-75 9.22333513322155e-72 3.230249435406e-68 8.24775356001314e-65 1.54136467481284e-61 2.12868559698019e-58 2.2208082427556e-55 1.8295810070829e-52 1.27251703271919e-49 7.8755277627411e-47 4.27958684931112e-44 1.91414581128477e-41 6.63300810988889e-39 1.71913737966835e-36 3.27807700929815e-34 4.56662848351613e-32 4.63446021041639e-30 3.42240386906152e-28 1.83820180160253e-26 7.17969255316159e-25 2.03909659120197e-23 4.21091572526751e-22 6.32291201900697e-21 6.9033134706531e-20 5.48020915957997e-19 3.16326405776235e-18 1.32761578867177e-17 4.05142655891473e-17 8.98963613810659e-17 1.45035671403452e-16 1.70139877939043e-16 1.45122927614364e-16
5.06117977433381e-119 5.04268792903072e-114 3.65318171983634e-109 1.92433088389325e-104 7.37035847901272e-100 2.05258249932907e-95 4.15645163628721e-91 6.12029616214126e-87 6.5538089403195e-83 5.10502062985894e-79 2.8944215242116e-75 1.19641731133214e-71 3.61981381814633e-68 8.09386675164549e-65 1.36736712598061e-61 1.82463428151799e-58 2.05628377818631e-55 2.06227038392972e-52 1.81557166686347e-49 1.31518324097898e-46 7.37940968692468e-44 3.09650281291178e-41 9.55890110973256e-39 2.15577476810578e-36 3.54178425444857e-34 4.2341670508534e-32 3.6816552814046e-30 2.3279237805939e-28 1.07031987687021e-26 3.57820475307331e-25 8.69798409408041e-24 1.53734695166893e-22 1.97571480629076e-21 1.84618573079189e-20 1.25436860120045e-19 6.19688674472361e-19 2.22597623963741e-18 5.81387998774598e-18 1.10410447725733e-17 1.52458923346133e-17 1.53071424704251e-17
2.28810329938343e-123 2.68347550462219e-118 2.28833149058152e-113 1.41886355797448e-108 6.39684018514243e-104 2.09701007871867e-99 4.99877122030581e-95 8.66558645835702e-91 1.09273753443544e-86 1.00298944143238e-82 6.71179371622307e-79 3.28757792672014e-75 1.19017214329871e-71 3.25588345415995e-68 7.03736960363334e-65 1.28503045601588e-61 2.08844149732139e-58 2.97875657990658e-55 3.49467635661544e-52 3.17498603783272e-49 2.15695618044114e-46 1.07796750139735e-43 3.93568148431956e-41 1.04677632850443e-38 2.02587926399839e-36 2.85168726852002e-34 2.91904308190559e-32 2.17269227967135e-30 1.17587908258933e-28 4.6273134326102e-27 1.32402146395065e-25 2.75461059073849e-24 4.16700643641362e-23 4.58338963494771e-22 3.66562459059214e-21 2.13161011782924e-20 9.01293281420929e-20 2.77091411116113e-19 6.19410501003743e-19 1.00677548465178e-18 1.18983104409309e-18
7.62312132967418e-128 1.05236637117611e-122 1.05633457435625e-117 7.70973085486882e-113 4.09154320933938e-108 1.57893016591574e-103 4.43109421367408e-99 9.04571848104634e-95 1.34412545399882e-90 1.45614093764836e-86 1.15471516398919e-82 6.76819270253901e-79 2.99821113177666e-75 1.0496759300589e-71 3.10566579873547e-68 8.1791804746698e-65 1.8900212812078e-61 3.59117940168413e-58 5.28288455138843e-55 5.81058839807098e-52 4.70123811759989e-49 2.77872365277825e-46 1.19644992753162e-43 3.74859024264113e-41 8.54219555636633e-39 1.41553655972475e-36 1.70565695385696e-34 1.49440729534541e-32 9.52024365299118e-31 4.40988229295912e-29 1.48526863069582e-27 3.63732234024851e-26 6.47675127988819e-25 8.38554413437364e-24 7.89412245754737e-23 5.40349858599122e-22 2.68933432624073e-21 9.73224687284091e-21 2.56082562505836e-20 4.89942896515502e-20 6.81568519632245e-20
1.87164648642005e-132 3.04138354763325e-127 3.59353410684057e-122 3.08732680804622e-117 1.92872994080873e-112 8.76259722552648e-108 2.89587039828391e-103 6.96613861858341e-99 1.2217353025179e-94 1.56849332180954e-90 1.48848634374027e-86 1.06773928511778e-82 6.0549486868577e-79 2.90273203809549e-75 1.23881950103494e-71 4.63776172150511e-68 1.4271732026563e-64 3.39945675942147e-61 6.05351815438572e-58 7.92916966578527e-55 7.58716671317514e-52 5.28864001548587e-49 2.68244744335604e-46 9.89568724097814e-44 2.65466982992825e-41 5.17838093005097e-39 7.34487028895835e-37 7.57488504977515e-35 5.68025466315991e-33 3.09712434398458e-31 1.22785828808933e-29 3.53945583999437e-28 7.41862382761323e-27 1.13059948298787e-25 1.2528318565283e-24 1.00942803728646e-23 5.91366212137852e-23 2.51904670511328e-22 7.80215367587626e-22 1.75707924583681e-21 2.87717846710386e-21
3.38648945213409e-137 6.47758562775784e-132 9.00921401940873e-127 9.11147654193486e-122 6.70136937513936e-117 3.58528779603811e-112 1.39621815676729e-107 3.96423813338154e-103 8.23947368450453e-99 1.26597812098947e-94 1.47054352248657e-90 1.35075333904805e-86 1.0492285585736e-82 7.25633021339073e-79 4.40108973449314e-75 2.19343971703844e-71 8.45974013778968e-68 2.43895917880647e-64 5.17192304198389e-61 8.01166443551006e-58 9.04070565600155e-55 7.42340769909718e-52 4.43334215343557e-49 1.92534594842094e-46 6.08002181629986e-44 1.39607297240846e-41 2.33084217236503e-39 2.82955052691809e-37 2.49758980091033e-35 1.60296315289558e-33 7.48039642710558e-32 2.53819093316578e-30 6.2621366906238e-29 1.12336107416332e-27 1.46526025185866e-26 1.38966056998819e-25 9.58299518171091e-25 4.804988721035e-24 1.751790001975e-23 4.64376551977718e-23 8.95070267660161e-23
4.5155784491269e-142 1.01671689834466e-136 1.66461935232597e-131 1.98199751119649e-126 1.71663424291564e-121 1.08223933111911e-116 4.9745207528465e-112 1.67388362564042e-107 4.16405784308578e-103 7.83249627163277e-99 1.16533822015387e-94 1.46670978906952e-90 1.64375392331194e-86 1.61518423180789e-82 1.30371949750034e-78 8.14167239339932e-75 3.8002324245868e-71 1.30462374270841e-67 3.271709456902e-64 5.9768106498248e-61 7.94482333210588e-58 7.68113464739063e-55 5.40027497820208e-52 2.76073752235184e-49 1.02622111330121e-46 2.77369385959979e-44 5.45099692876861e-42 7.78919219330412e-40 8.09296514522197e-38 6.11394555875797e-36 3.35841270333883e-34 1.34135935087235e-32 3.89542449878538e-31 8.22551334489227e-30 1.26290243339278e-28 1.40985729912573e-27 1.14440324926273e-26 6.75431911254834e-26 2.89856228102063e-25 9.04445216487084e-25 2.05201496968601e-24
4.43733295846408e-147 1.1761154525716e-141 2.26699986504734e-136 3.1786328509785e-131 3.24415957013656e-126 2.41408001052121e-121 1.31510383605919e-116 5.2968358789673e-112 1.61336327829969e-107 3.88810775666659e-103 7.92919704226707e-99 1.44001602147126e-94 2.29241877166047e-90 2.99676061857524e-86 3.03025601070696e-82 2.28994331286026e-78 1.2727039223002e-74 5.16696550836169e-71 1.52807794946322e-67 3.2883195586883e-64 5.14669396093998e-61 5.85776319527193e-58 4.84790315809519e-55 2.91731019013327e-52 1.27647707710498e-49 4.06109602415768e-47 9.39447607697804e-45 1.58015844964702e-42 1.93253495338614e-40 1.71851242632555e-38 1.11115994182238e-36 5.22395044850899e-35 1.78574766605874e-33 4.43853554612293e-32 8.02154236747412e-31 1.05408256292859e-29 1.00714023105138e-28 6.99687037197756e-28 3.53440472785478e-27 1.29815725424682e-26 3.46686819184552e-26
3.21361474710217e-152 1.00278706896244e-146 2.27620729547664e-141 3.76088423079788e-136 4.53065480293792e-131 3.99580073454512e-126 2.60570646523148e-121 1.28520911839414e-116 5.01689440293523e-112 1.65777338713709e-107 4.87875040235422e-103 1.25827593224904e-98 2.6639702938811e-94 4.36168317835211e-90 5.33639843809137e-86 4.80151585871322e-82 3.15576932297555e-78 1.51088136416468e-74 5.26347575673162e-71 1.33364471746213e-67 2.45729097347558e-64 3.29224078673998e-61 3.20725218595258e-58 2.27183273251756e-55 1.17009040174374e-52 4.38189076560419e-50 1.19317032306719e-47 2.36233772450395e-45 3.40079244292668e-43 3.55972827999419e-41 2.70926909903153e-39 1.49929125659265e-37 6.03279324884982e-36 1.76501923838891e-34 3.75473259899881e-33 5.80773980419988e-32 6.53181471526139e-31 5.34144954685221e-30 3.17601814055381e-29 1.37311064533554e-28 4.3165569644773e-28
1.71543709513266e-157 6.30365014935625e-152 1.68611264441131e-146 3.28835873152884e-141 4.69522701278934e-136 4.95728259319364e-131 3.95936090824325e-126 2.50346772057781e-121 1.34039269173986e-116 6.39235120758432e-112 2.67096294846866e-107 9.15832672038901e-103 2.42794031807703e-98 4.80928715695217e-94 7.00548541034026e-90 7.45390395009833e-86 5.77728861733945e-82 3.25821754701268e-78 1.3364748545346e-74 3.98648557868707e-71 8.64645496143545e-68 1.36361712894278e-64 1.56368230719219e-61 1.30378029366334e-58 7.9042263132177e-56 3.48428029850496e-53 1.11677440062359e-50 2.60265386770183e-48 4.41027792512493e-46 5.43393045229755e-44 4.86811425643479e-42 3.17107138377328e-40 1.50193052029687e-38 5.17240156782604e-37 1.29518914163421e-35 2.35815703789051e-34 3.12184128000969e-33 3.00502080981938e-32 2.10321067116388e-31 1.07033805307165e-30 3.96342759219335e-30
6.75120414397786e-163 2.92342575386496e-157 9.23009787236381e-152 2.13362633644772e-146 3.64729656073892e-141 4.71721910481882e-136 4.83124881157988e-131 4.19131088123126e-126 3.23909290427822e-121 2.19265283132046e-116 1.21762152231862e-111 5.2267411470994e-107 1.67618563027069e-102 3.95281945458006e-98 6.80880958154833e-94 8.54331870949177e-90 7.80003173185043e-86 5.17952905109914e-82 2.50110916161478e-78 8.78199961414203e-75 2.24212914173772e-71 4.16226310307158e-68 5.61821358320098e-65 5.51399062205166e-62 3.93488971655067e-59 2.04172737812113e-56 7.70302910555285e-54 2.11311875923701e-51 4.21487641359462e-49 6.11285866180887e-47 6.44618006130816e-45 4.94264113077957e-43 2.75558805404834e-41 1.11703833018576e-39 3.29245938444562e-38 7.0562075187031e-37 1.0995648072998e-35 1.2458590488017e-34 1.02640165454268e-33 6.15024981689691e-33 2.73665096978916e-32
1.9602272175202e-168 1.00194140694148e-162 3.74963615419077e-157 1.0377857256589e-151 2.17348513722558e-146 3.60568006495373e-141 5.06849048411948e-136 6.34741549625023e-131 6.96116483815344e-126 6.26062837104055e-121 4.35144071706878e-116 2.25929249814781e-111 8.62550643777914e-107 2.40528996515905e-102 4.88582599617578e-98 7.22140164695901e-94 7.76298224546188e-90 6.06853602524319e-86 3.44951137322738e-82 1.42573114279332e-78 4.28468967912004e-75 9.36269585359432e-72 1.48758406345359e-68 1.71854489365951e-65 1.44357346944194e-62 8.81689158621296e-60 3.91553120739813e-57 1.26434166991138e-54 2.96849815472443e-52 5.06766250057205e-50 6.29038391984394e-48 5.67734373322728e-46 3.72573356238466e-44 1.7777757048944e-42 6.1679480554844e-41 1.55597643869651e-39 2.85406529151862e-38 3.80648502151987e-37 3.69179180785961e-36 2.6266513905506e-35 2.21037070339618e-34
4.20617411035757e-174 2.54840758807916e-168 1.14196692504671e-162 3.87290613702468e-157 1.04069951619893e-151 2.37038196520352e-146 4.8104000392151e-141 8.54680885419489e-136 1.24489567349022e-130 1.40101970165659e-125 1.17769206767679e-120 7.27898976385117e-116 3.28603772033112e-111 1.08058324136084e-106 2.58556506906153e-102 4.49961909192738e-98 5.69434871756847e-94 5.23999154336383e-90 3.50609344066614e-86 1.70576050626119e-82 6.03409888579116e-79 1.55205050093187e-75 2.90267248273444e-72 3.94719760385299e-69 3.90281800422902e-66 2.80586202433335e-63 1.46673918755602e-60 5.57491242396434e-58 1.54071308956886e-55 3.09602217991124e-53 4.52360757283622e-51 4.80578513305502e-49 3.71229383968384e-47 2.08506168484737e-45 8.51518404041255e-44 2.52852787024074e-42 5.45934382736636e-41 8.57115361695787e-40 9.82579876669902e-39 1.05324957133001e-37 1.0602851751076e-35
6.69819287178948e-180 4.85969011542057e-174 2.66886706530181e-168 1.16164626313518e-162 4.28715289455807e-157 1.409860690366e-151 4.05822470940384e-146 9.57320616106087e-141 1.74447401732843e-135 2.37410532189805e-130 2.37556267594107e-125 1.73614703707544e-120 9.24245412651409e-116 3.58012576336824e-111 1.00862968808228e-106 2.06639347698482e-102 3.07831053355734e-98 3.33440365768857e-94 2.62618655560395e-90 1.50394781736375e-86 6.26237422929323e-83 1.89602485941534e-79 4.17395422996373e-76 6.68113021378945e-73 7.77590184597058e-70 6.58036792003746e-67 4.04900350658347e-64 1.81152652711505e-61 5.89304573233943e-59 1.39390601724628e-56 2.39731853038284e-54 2.99789598005798e-52 2.72587505399007e-50 1.80216229385025e-48 8.66324174313944e-47 3.02807182551273e-45 7.69631646154532e-44 1.42796293076407e-42 2.34845860214828e-41 2.68758946547422e-39 1.09245676690339e-36
7.99784251198991e-186 7.11257059281106e-180 5.01456001579197e-174 2.99868295190979e-168 1.59801903104329e-162 7.45209208980108e-157 2.84702502718836e-151 8.40028186078571e-146 1.85087527891064e-140 2.99827012209953e-135 3.54739309777457e-130 3.05720966236721e-125 1.91712280739339e-120 8.74372684253068e-116 2.89995208758907e-111 6.99363734445777e-107 1.22637050927826e-102 1.56365857114738e-98 1.44964596061502e-94 9.7719451930016e-91 4.7895957067783e-87 1.70692851537413e-83 4.4231371890571e-80 8.33381903853654e-77 1.14171128772414e-73 1.13727919284345e-70 8.23714025851098e-68 4.33794854969686e-65 1.6610813438385e-62 4.62483211734834e-60 9.36266775308443e-58 1.37816691529383e-55 1.47503592094552e-53 1.14789453537338e-51 6.49534345953614e-50 2.67301613849346e-48 8.08502970300347e-47 2.66917291564108e-45 7.33935723732663e-43 3.99538342318575e-40 1.69289070162055e-37
7.33053913983398e-192 8.37147833282679e-186 8.11153544936985e-180 7.0048433512204e-174 5.29212817827846e-168 3.27442143904686e-162 1.56434414486363e-156 5.58037352067304e-151 1.46347025559932e-145 2.80311544181076e-140 3.91085745858584e-135 3.97018207995164e-130 2.93136740520932e-125 1.57390117905584e-120 6.14472746262383e-116 1.74435173076346e-111 3.60053571429471e-107 5.40380873480704e-103 5.89701001724216e-99 4.67910209950995e-95 2.6995527746048e-91 1.13245178492003e-87 3.45418981391352e-84 7.66074930387319e-81 1.23536380136673e-77 1.44849520304157e-74 1.23491714258565e-71 7.65521064511453e-69 3.45044444762523e-66 1.13081484656313e-63 2.69467586073972e-61 4.66895979578347e-59 5.88210127241653e-57 5.38830616804049e-55 3.59232194017217e-53 1.81568747801696e-51 1.8672804564613e-49 1.49404397458498e-46 1.27008772386567e-43 7.9669595374059e-41 3.66031606543691e-38
5.40482797177456e-198 8.48567770787666e-192 1.18747818659707e-185 1.45342461668328e-179 1.45642216666402e-173 1.12662616145177e-167 6.50666315835539e-162 2.76252312371233e-156 8.56606774974113e-151 1.93476220446694e-145 3.17965320614374e-140 3.80060526503599e-135 3.30348954345694e-130 2.08790618099541e-125 9.59522713945245e-121 3.20627784230364e-116 7.79016803362227e-112 1.37623166399768e-107 1.76780771494822e-103 1.65111433429592e-99 1.12128979281222e-95 5.53677875275955e-92 1.98790233225329e-88 5.18957134224395e-85 9.85068652347251e-82 1.35956532379902e-78 1.36437020793167e-75 9.95549696177578e-73 5.28192498064012e-70 2.03760539298927e-67 5.71539854190876e-65 1.16566116300114e-62 1.72875464583473e-60 1.87140153660087e-58 1.73128107990181e-56 7.87730225797575e-54 1.34009497316847e-50 1.84480431258315e-47 1.8520169629925e-44 1.35297512683118e-41 7.19527546872893e-39
