results/Maxent_Output/Bufo_bufo_kde_bias.asc
NCOLS 100 
NROWS 100 
XLLCORNER 0 
YLLCORNER 0 
CELLSIZE 0.01 
NODATA_value -9999 
[rows 54 to 71 of 100, columns 41 to 81 of 100]
1.76859335964434e-15 7.94292223235424e-16 5.52441540471305e-16 1.07149521523764e-15 4.13487605635229e-15 1.58857331889238e-14 5.30115347580636e-14 1.44914278668101e-13 3.09274799765271e-13 5.04129681981849e-13 6.45319024037247e-13 7.57176492020311e-13 1.08916405948788e-12 1.92907821439224e-12 3.29892027523851e-12 5.45611066033098e-12 1.07860419000841e-11 2.53227056207653e-11 5.61366855641193e-11 1.03594751350988e-10 1.55329488719618e-10 1.92065003859384e-10 2.03638112231413e-10 1.99738287532879e-10 2.04356524117865e-10 2.34184397245264e-10 2.74714846159359e-10 2.8654401835689e-10 2.4739151902117e-10 1.76175360248012e-10 1.08994813954311e-10 6.8353355197168e-11 5.81715328474492e-11 7.04401176460013e-11 8.89778591756325e-11 9.60610847462579e-11 8.56608868579963e-11 6.88843911039287e-11 6.04526886896091e-11 6.22516704882902e-11 6.42499618287822e-11
5.87854349781626e-15 5.34426273816434e-15 4.00585020731159e-15 3.69235169106453e-15 7.94637865884685e-15 2.15333407727286e-14 4.74373042924165e-14 8.25281876701163e-14 1.19868278915605e-13 1.58006646888179e-13 2.21459866593102e-13 4.39117393708881e-13 1.17845577424294e-12 2.95932900247029e-12 5.83085210930502e-12 8.9710121504487e-12 1.22771767111935e-11 1.93081525991286e-11 3.69734930107085e-11 6.92524097204988e-11 1.1015498629608e-10 1.45432829340784e-10 1.64341255378603e-10 1.69242797386596e-10 1.73610699218206e-10 1.91633779814478e-10 2.22773856779132e-10 2.43335772284912e-10 2.26467195308798e-10 1.72997228762042e-10 1.09641850613386e-10 6.17742889074852e-11 3.9466302445054e-11 4.10929045924655e-11 5.72693548368485e-11 7.25352339946386e-11 7.36814426534475e-11 6.1650711456369e-11 4.98365503136554e-11 4.76930544282839e-11 5.12145743406366e-11
2.8942066129206e-14 3.2768533508173e-14 2.75652250655444e-14 1.98439594265436e-14 2.36997055057448e-14 5.788446151209e-14 1.36577469988956e-13 2.43143439047936e-13 3.18750731868721e-13 3.14325126652624e-13 2.72725009340908e-13 4.01474610756354e-13 1.22374169875575e-12 3.67899037712859e-12 8.43923239687266e-12 1.43978880792511e-11 1.89473768000584e-11 2.20434120440847e-11 2.92716661885744e-11 4.73629132017058e-11 7.56344879636906e-11 1.04370725483172e-10 1.23733013694463e-10 1.32712014517389e-10 1.37656420661275e-10 1.45828201324751e-10 1.6067913797816e-10 1.75300658935059e-10 1.72976876279444e-10 1.44528663347887e-10 1.00241599836425e-10 5.87839694481678e-11 3.22723439647087e-11 2.38528952699458e-11 3.05286942345056e-11 4.36775139554638e-11 5.15436788026709e-11 4.82539741820752e-11 3.99701504402026e-11 3.69537002431626e-11 4.07726779514205e-11
1.1290591775336e-13 1.509055222404e-13 1.47459402732785e-13 1.09493700754263e-13 8.3181788527768e-14 1.35135871431266e-13 3.33460714914806e-13 6.84264281680919e-13 1.03858072037834e-12 1.15663266435661e-12 9.74010664009533e-13 7.82046027787275e-13 1.27071802606172e-12 3.70193554022861e-12 9.60588337103335e-12 1.87719082844742e-11 2.73583208801316e-11 3.11148005410929e-11 3.21613362492392e-11 3.8737241482206e-11 5.54237478520706e-11 7.67123138969839e-11 9.32078163982615e-11 1.01894582518012e-10 1.06457937578274e-10 1.09942380178423e-10 1.12989768536858e-10 1.15700027524593e-10 1.14726391072127e-10 1.0394571695641e-10 8.23858762504654e-11 5.63748340294711e-11 3.37749293308915e-11 1.98830467064623e-11 1.66042684698607e-11 2.16191023963284e-11 2.83774969647391e-11 3.03784105036976e-11 2.77159295940364e-11 2.68156890597615e-11 3.15973422409023e-11
3.26186618289304e-13 5.13199482920822e-13 5.88502334849377e-13 4.9746284042e-13 3.40140842372747e-13 3.16118034242666e-13 6.4727945087239e-13 1.4773706294102e-12 2.60979070193964e-12 3.3945093698835e-12 3.27113125223575e-12 2.48538858579149e-12 2.08557370003945e-12 3.65117679972645e-12 9.27171331178628e-12 2.01279154233883e-11 3.31527334110916e-11 4.12986889553447e-11 4.15031931043735e-11 4.05782025061606e-11 4.77010383323421e-11 6.25354496082398e-11 7.61162526467282e-11 8.25957027927495e-11 8.45194739445795e-11 8.56183853780642e-11 8.49124095897255e-11 8.10485806188402e-11 7.60234091715192e-11 7.15500887355766e-11 6.63798802378164e-11 5.79907026348143e-11 4.5174510843664e-11 3.022277637347e-11 1.82981291796242e-11 1.30941931892699e-11 1.34916167225638e-11 1.51261835135403e-11 1.53876883689533e-11 1.63287256062087e-11 2.13040870727989e-11
6.94702209386526e-13 1.28662467357376e-12 1.73584588142394e-12 1.7141695200731e-12 1.27597712916302e-12 8.81057909444654e-13 1.11639614488414e-12 2.49055968218169e-12 5.0197600113091e-12 7.61300580783161e-12 8.55560920042798e-12 7.33542547922513e-12 5.45556635467064e-12 5.33023393819815e-12 9.49045571649822e-12 2.0073542099218e-11 3.58081893930552e-11 4.93401324656524e-11 5.29450230098737e-11 4.901209123597e-11 4.88080401190407e-11 5.82312081016813e-11 7.06584338448994e-11 7.65768460339758e-11 7.5154413321476e-11 7.2185056111077e-11 7.01618315709887e-11 6.66229281476547e-11 6.1257234434771e-11 5.84669319339099e-11 6.19007817932803e-11 6.86764585568341e-11 6.98794867564423e-11 5.89110155159666e-11 3.93500739351667e-11 2.12997906457956e-11 1.10812129955691e-11 7.64161730761768e-12 7.17645279307218e-12 8.16215050045221e-12 1.1756861984207e-11
1.09041808559416e-12 2.37734357678584e-12 3.77597029999848e-12 4.38403066543942e-12 3.770371671915e-12 2.58628319765364e-12 2.08988091687114e-12 3.50425244143038e-12 7.5221986454744e-12 1.31432767768377e-11 1.72213998250615e-11 1.71361080642177e-11 1.39749084176351e-11 1.15671366502041e-11 1.35614094205812e-11 2.26928976655992e-11 3.93489763452977e-11 5.75669761905598e-11 6.67808979662741e-11 6.34517066909301e-11 5.74229580664094e-11 6.04670389718003e-11 7.17860161824927e-11 8.02855521726411e-11 7.87826991183328e-11 7.09785245643605e-11 6.4381486189506e-11 6.11797417301303e-11 5.95711531859763e-11 6.08439193743178e-11 7.00113123128967e-11 8.82524044025588e-11 1.05626428969345e-10 1.05836511098136e-10 8.31786303377797e-11 5.01101018824503e-11 2.351320812198e-11 9.66179352687616e-12 5.00588520852191e-12 4.58583392364317e-12 6.3011109575987e-12
1.26153464790222e-12 3.23733113857722e-12 6.05459163315503e-12 8.27856856111589e-12 8.35684592419372e-12 6.45165278216589e-12 4.49465035707507e-12 4.79663671358311e-12 9.17946603954728e-12 1.77228170812931e-11 2.68496161505492e-11 3.10893678446988e-11 2.90356199840472e-11 2.5184591690166e-11 2.50749998539213e-11 3.21908927245759e-11 4.82342014871235e-11 6.98982900704557e-11 8.62137357558158e-11 8.74699025870675e-11 7.78799878631416e-11 7.18974491974543e-11 7.71495732300696e-11 8.68311945857343e-11 8.91063547540404e-11 8.02263843191314e-11 6.72415100981714e-11 5.92028322791171e-11 5.92106287776709e-11 6.66232381443742e-11 8.26653386822558e-11 1.09182294649338e-10 1.40049893189811e-10 1.56414560711247e-10 1.40706703224581e-10 9.80279375322681e-11 5.25123067116962e-11 2.25691669839602e-11 9.53272232083252e-12 6.20664587320475e-12 6.48703969738528e-12
1.07659334742623e-12 3.24894488566959e-12 7.15536284004054e-12 1.1528104293344e-11 1.37181481567734e-11 1.23786401903979e-11 9.20295178301014e-12 7.45673339650058e-12 1.02046954759691e-11 1.93120236120321e-11 3.28256381496384e-11 4.39792647137629e-11 4.74233076290227e-11 4.57516849243784e-11 4.57570780234693e-11 5.1593560459402e-11 6.53269337928385e-11 8.72719187451773e-11 1.1047087548716e-10 1.22164930944949e-10 1.17124640275324e-10 1.04380820111829e-10 9.66914647926997e-11 9.74208140367909e-11 9.90636051133367e-11 9.22054204263999e-11 7.62369188149629e-11 6.08656763847023e-11 5.65239856995426e-11 6.66091261969796e-11 8.92372357947233e-11 1.21532295568476e-10 1.58599030705866e-10 1.86826966250172e-10 1.85445429780138e-10 1.47220165380587e-10 9.1737337113145e-11 4.63521576925096e-11 2.20883667569008e-11 1.3834629971085e-11 1.27253706947631e-11
6.80677289841872e-13 2.40328667473133e-12 6.23249619323807e-12 1.18346716453732e-11 1.66251720024263e-11 1.77275551347977e-11 1.52480369460187e-11 1.22126084961325e-11 1.22362701419382e-11 1.86126900662923e-11 3.24500188773226e-11 4.91418966732873e-11 6.10407741135649e-11 6.65602891418202e-11 7.13246437966502e-11 7.94281794125655e-11 9.13696545477283e-11 1.09391985044258e-10 1.34883268660762e-10 1.61174886233031e-10 1.76672869016618e-10 1.74710847026764e-10 1.58015561225741e-10 1.36305570273177e-10 1.18296337858178e-10 1.03340530772412e-10 8.52637270634858e-11 6.52389669172121e-11 5.39200764270732e-11 6.04450350357568e-11 8.47172769545478e-11 1.19403525275098e-10 1.5569349140466e-10 1.84680233342102e-10 1.93262422297074e-10 1.70121898966027e-10 1.22574183671563e-10 7.44525237750663e-11 4.32191231981986e-11 2.96095836278378e-11 2.60794391015827e-11
3.26577624422558e-13 1.31113228477997e-12 4.00115238135973e-12 8.95631124418959e-12 1.48635445748241e-11 1.87982255951146e-11 1.91854528012085e-11 1.74068492422009e-11 1.61506471801737e-11 1.85859524525349e-11 2.81978924307993e-11 4.50141948753095e-11 6.32681003781045e-11 7.79949389226191e-11 9.12344582502667e-11 1.06115616969633e-10 1.20742950294304e-10 1.34995177521846e-10 1.56873953128691e-10 1.95222628376852e-10 2.47131149037547e-10 2.91290947935885e-10 2.97636410027578e-10 2.55921498471499e-10 1.90574883575891e-10 1.34128863320859e-10 9.60488728184542e-11 6.92385547637293e-11 5.24943241405817e-11 5.27535798134576e-11 7.26444322242098e-11 1.04566147041328e-10 1.35935370510777e-10 1.57716290517032e-10 1.65417594793652e-10 1.54841545721769e-10 1.27002140432724e-10 9.40481712111747e-11 6.91539507875004e-11 5.53075127027342e-11 4.87125851314874e-11
1.33601516197619e-13 5.29395769468903e-13 1.89341067524048e-12 4.9967304468883e-12 9.80180739694508e-12 1.47295997867713e-11 1.79875512043144e-11 1.93824769067245e-11 1.97572265781724e-11 2.04854177778355e-11 2.50195693967578e-11 3.72664041199911e-11 5.62889147304176e-11 7.7028484060107e-11 9.75807443255432e-11 1.19474141465383e-10 1.40501535969764e-10 1.56768957268447e-10 1.75189898606963e-10 2.182438960585e-10 3.0827551704524e-10 4.32792351748403e-10 5.24342261023935e-10 5.08852585402368e-10 3.88690035835117e-10 2.41935969425069e-10 1.35473863705392e-10 7.79946654619119e-11 5.13223773711933e-11 4.57500035393145e-11 5.92349675795183e-11 8.47032347633558e-11 1.09056593450857e-10 1.2216092123531e-10 1.23007618915832e-10 1.15816047957564e-10 1.04848746819272e-10 9.5238260297602e-11 9.04691374036248e-11 8.74166289361246e-11 8.12423212667038e-11
6.52476672225071e-14 1.61285555400288e-13 6.60792833486002e-13 2.05521277117436e-12 4.76818354091427e-12 8.52556926802416e-12 1.25028961327594e-11 1.62433831316223e-11 1.94674787729757e-11 2.1666907459942e-11 2.4403593218161e-11 3.25711085920403e-11 4.940471537476e-11 7.18894852404959e-11 9.5139739342974e-11 1.18385429859539e-10 1.4204460165658e-10 1.63425289054975e-10 1.84351025482185e-10 2.27282226825322e-10 3.37431611882544e-10 5.40228672257517e-10 7.68333834306642e-10 8.68972504185916e-10 7.5105912542323e-10 4.94918685993585e-10 2.57016978981843e-10 1.15841051425246e-10 5.5624067279656e-11 3.92941891271334e-11 4.65884654718922e-11 6.58146262703497e-11 8.38162246043011e-11 9.03860902490818e-11 8.51474232582911e-11 7.59214792487434e-11 7.17896631123239e-11 7.87508158538686e-11 9.60955667328192e-11 1.12986692613765e-10 1.16128823372245e-10
4.53854397280127e-14 4.08352544570601e-14 1.70562231871501e-13 6.23377149109453e-13 1.71174191848883e-12 3.64762130070071e-12 6.44220303162534e-12 1.01500873708644e-11 1.46298276134657e-11 1.89760699030397e-11 2.33082429888208e-11 3.16676282592393e-11 4.91078640914502e-11 7.41879240264061e-11 9.88964672148287e-11 1.18065361907212e-10 1.34545914678409e-10 1.53512294055544e-10 1.77868709829329e-10 2.2025821674089e-10 3.25432013409035e-10 5.55534048590661e-10 8.9590950718747e-10 1.1738370095917e-09 1.17463839069967e-09 8.81240846160639e-10 4.97018400383578e-10 2.16904065996206e-10 8.11835456504206e-11 3.70035641083817e-11 3.44709867532347e-11 4.82427112054406e-11 6.25664969595319e-11 6.65219367334807e-11 5.89263042766043e-11 4.76848948816493e-11 4.32973107511188e-11 5.40766806998353e-11 8.19043466593863e-11 1.15881791106378e-10 1.35447117341411e-10
3.20054056988545e-14 1.17172478661582e-14 3.30791433208064e-14 1.39618234159698e-13 4.5445450319995e-13 1.15866457273921e-12 2.47899885123149e-12 4.76774675884827e-12 8.34945643398777e-12 1.30383553418697e-11 1.91166076727337e-11 3.02826604782307e-11 5.26544448808701e-11 8.60728651432663e-11 1.18775989292707e-10 1.3726475266265e-10 1.41193161185002e-10 1.44066952372097e-10 1.59832392602593e-10 1.97403462151634e-10 2.82278949404884e-10 4.77527624760563e-10 8.27319565022242e-10 1.22663318101673e-09 1.41612509793122e-09 1.22892803088798e-09 7.93502351787658e-10 3.82580381667728e-10 1.41677936428478e-10 4.67633509577253e-11 2.54242794867479e-11 3.1549780538133e-11 4.31298255614834e-11 4.77871866680477e-11 4.20162193884627e-11 3.15528049695425e-11 2.56384170769181e-11 3.22880816488445e-11 5.62034670161145e-11 9.29261092305245e-11 1.24510364553236e-10
1.79627508462525e-14 4.85205590076498e-15 5.22619518332185e-15 2.32732665968155e-14 9.03943347489062e-14 2.80544069433577e-13 7.45364550393858e-13 1.79049180912323e-12 3.86261356647776e-12 7.34257868712055e-12 1.31658063151139e-11 2.5432864251628e-11 5.20630934240392e-11 9.64547977851335e-11 1.46151643273419e-10 1.77631970844958e-10 1.78285988695285e-10 1.60344222763649e-10 1.5028189233433e-10 1.67684496525084e-10 2.25236168929597e-10 3.5755071929412e-10 6.20682453754343e-10 9.97947579404534e-10 1.30479927335471e-09 1.30491953800348e-09 9.74918338782795e-10 5.40175492886147e-10 2.22826491597003e-10 7.11330166118038e-11 2.33913568730028e-11 1.83623067105715e-11 2.54701679689966e-11 3.09029357019725e-11 2.91218899698267e-11 2.24384768054403e-11 1.74165293499024e-11 1.98702557152415e-11 3.38304791526412e-11 5.99419429054943e-11 8.9717621451428e-11
7.53785073364617e-15 2.13998254879432e-15 8.93089658622771e-16 3.02469739899222e-15 1.45314341762728e-14 5.95304259592026e-14 2.15870514624005e-13 6.92455953389959e-13 1.87868826637079e-12 4.2481499150799e-12 8.70559046253642e-12 1.88558255061512e-11 4.35497718351912e-11 9.17488563133976e-11 1.57728422629443e-10 2.14939648743831e-10 2.34707618176618e-10 2.12661800736906e-10 1.74079356462748e-10 1.53593050834773e-10 1.72605798322826e-10 2.44903423142681e-10 3.99005631571148e-10 6.53165578933802e-10 9.31396955532523e-10 1.05462292819583e-09 9.07038579992102e-10 5.81509954311044e-10 2.76143949303007e-10 9.77230305579967e-11 2.78591987470772e-11 1.12045291476383e-11 1.24427640319723e-11 1.65993569700086e-11 1.77422753356949e-11 1.56552333973998e-11 1.40621723013056e-11 1.6408822808925e-11 2.39179002239653e-11 3.70877484439721e-11 5.46126064114591e-11
2.33710125077979e-15 7.64453848170271e-16 2.21042326072509e-16 3.80988872374094e-16 2.57064844314346e-15 1.65605464410371e-14 9.05293435446911e-14 3.95185241748161e-13 1.32476744174818e-12 3.40639114876138e-12 7.148998769415e-12 1.43453223207238e-11 3.16892928488538e-11 7.10294708101224e-11 1.37920181677999e-10 2.16387976837229e-10 2.72334840401014e-10 2.78203911978104e-10 2.36120233055016e-10 1.79295532603664e-10 1.47933706980262e-10 1.64023959435993e-10 2.35077927102951e-10 3.66472541684273e-10 5.36934777308756e-10 6.62766948335991e-10 6.43447909059507e-10 4.73803323509616e-10 2.60090352746343e-10 1.05798468769962e-10 3.23591573237333e-11 8.9688514713332e-12 5.39123837635052e-12 7.10807168458773e-12 8.84072114711336e-12 9.65909794135593e-12 1.16096362857239e-11 1.68747168179822e-11 2.45449089376016e-11 3.17669803477372e-11 3.76983786082892e-11
