results/Maxent_Output/Bufo_bufo_kde_bias.asc
NCOLS 100 
NROWS 100 
XLLCORNER 0 
YLLCORNER 0 
CELLSIZE 0.01 
NODATA_value -9999 
[rows 72 to 89 of 100, columns 41 to 81 of 100]
5.3424290683125e-16 2.0491833020015e-16 6.11482086363801e-17 7.07816460366297e-17 7.17517005967471e-16 6.87746039338533e-15 5.02370552872574e-14 2.72480122560036e-13 1.08737307063967e-12 3.20162677962407e-12 7.12935623376789e-12 1.30360407557958e-11 2.336675530715e-11 4.70496170772211e-11 9.64490386650537e-11 1.73153769398462e-10 2.56454606258803e-10 3.09632514155704e-10 3.03126377055116e-10 2.41755802548194e-10 1.68049597652057e-10 1.27871759961362e-10 1.38288454524377e-10 1.92049608517552e-10 2.71868021568628e-10 3.4486712476843e-10 3.62467515339413e-10 2.99190789252059e-10 1.87711935159689e-10 8.79746818644379e-11 3.06455048048752e-11 8.26688601082958e-12 2.6403273204414e-12 2.46978113375743e-12 3.5120442962011e-12 5.04492451809159e-12 8.60235299268295e-12 1.63908911950268e-11 2.76425380673779e-11 3.7056480422763e-11 3.97068823497665e-11
9.00052860321539e-17 4.06117962251625e-17 1.39717396827955e-17 1.7440838455183e-17 2.32860855784216e-16 2.80104359150878e-15 2.47534073014137e-14 1.59669314626624e-13 7.50932358989842e-13 2.57947815270658e-12 6.52420795031105e-12 1.24990378202074e-11 1.98016387641986e-11 3.13414222670468e-11 5.74482992350191e-11 1.10484275035376e-10 1.90898226982614e-10 2.75652368985933e-10 3.21875385943583e-10 2.97209868690463e-10 2.17086328982307e-10 1.36270396219535e-10 9.7696497871405e-11 1.05084726795314e-10 1.38494135919755e-10 1.73917675582951e-10 1.88364737923572e-10 1.66752861442622e-10 1.15799316515998e-10 6.13020339865016e-11 2.43322747564102e-11 7.23843309276234e-12 1.80028562635273e-12 8.17911348179427e-13 1.14855247350819e-12 2.29670522769409e-12 5.58104439934288e-12 1.35454841280343e-11 2.71458616907815e-11 4.18839668705561e-11 4.93358430106377e-11
1.11747164634147e-17 5.93483746174473e-18 2.40682688744668e-18 3.79970154728661e-18 6.2256922399585e-17 8.9165106707212e-16 9.31913396407373e-15 7.09029844444936e-14 3.92821548780869e-13 1.58681757536471e-12 4.6902410885506e-12 1.02486050997776e-11 1.70947369682493e-11 2.39617695250365e-11 3.46744469911959e-11 6.06384220580115e-11 1.14244525071205e-10 1.93930120457731e-10 2.70094804965915e-10 2.95193640925264e-10 2.48166671562043e-10 1.6328109564828e-10 9.61697938785981e-11 7.33644860395591e-11 8.63907655369838e-11 1.13583953782702e-10 1.3284681732174e-10 1.27606170645215e-10 9.67319767566392e-11 5.63935184416989e-11 2.48743803216457e-11 8.22876377698935e-12 2.06163556897314e-12 4.85125951471628e-13 3.73574657288232e-13 1.01699413241084e-12 3.35053377121664e-12 9.78409798496455e-12 2.27326695803835e-11 4.06222635258797e-11 5.54072430750034e-11
1.02244319257198e-18 6.39214498016829e-19 3.07016030854131e-19 6.32416107081799e-19 1.25049322133552e-17 2.11298964147637e-16 2.60274331898809e-15 2.33382678135787e-14 1.52463909211622e-13 7.26846870031027e-13 2.53690358561144e-12 6.52660098854566e-12 1.25718120896761e-11 1.8889705613791e-11 2.47056699546826e-11 3.48644649970787e-11 6.06613321920413e-11 1.11894624788097e-10 1.80391610824614e-10 2.31207271094805e-10 2.27377882633831e-10 1.7180931826226e-10 1.07316011953419e-10 7.26318488787862e-11 7.71442442046349e-11 1.10980110997988e-10 1.53381780413142e-10 1.74425878802945e-10 1.54020892043558e-10 1.03075400922442e-10 5.17409888124673e-11 1.93996696290547e-11 5.4283281565788e-12 1.15219190152156e-12 2.78598292395987e-13 5.02769705202317e-13 1.98652523253024e-12 6.5818184281694e-12 1.70795971507211e-11 3.44351586460834e-11 5.37845069345249e-11
6.89406152444745e-20 5.07376220590006e-20 2.89095040196168e-20 7.81960466236789e-20 1.85733282386925e-18 3.69811853728585e-17 5.36807640345559e-16 5.67656721500302e-15 4.37955543582822e-14 2.47186561695554e-13 1.02552453325584e-12 3.15368382910545e-12 7.29347538754192e-12 1.30182748312933e-11 1.88791503103022e-11 2.48551783782563e-11 3.56538415498688e-11 6.02386608864629e-11 1.02524209799754e-10 1.4802713800482e-10 1.67870069436539e-10 1.4808148855832e-10 1.08301071337315e-10 8.12817628669377e-11 8.60348469855303e-11 1.27610824600946e-10 1.98374858169147e-10 2.63685120960183e-10 2.73966186601128e-10 2.1498360202895e-10 1.25931901259782e-10 5.48951284961436e-11 1.780525505611e-11 4.30446883699949e-12 8.11713290265495e-13 3.39465183853922e-13 1.14022731511295e-12 4.16184815779585e-12 1.18370899225989e-11 2.62757980887587e-11 4.58134209953057e-11
3.42566007324748e-21 2.96793141528318e-21 2.00866947275128e-21 7.15244222279629e-21 2.03618498475973e-19 4.77832221934971e-18 8.17976457693394e-17 1.02157551167317e-15 9.33263055881483e-15 6.26517931253268e-14 3.11462499966432e-13 1.16073418439393e-12 3.30081560225352e-12 7.32820578632723e-12 1.30547165846506e-11 1.9432908053982e-11 2.63044074854181e-11 3.7118004613604e-11 5.73258481539456e-11 8.53296712885794e-11 1.0716165322961e-10 1.0901090343394e-10 9.51597524377041e-11 8.48704154677104e-11 9.51096458298077e-11 1.37892519194267e-10 2.22192774293259e-10 3.2900424576291e-10 3.94090437846736e-10 3.60454734684964e-10 2.46628968672618e-10 1.25504417239554e-10 4.74663190661821e-11 1.3352657539709e-11 2.80872232037409e-12 5.36862996197657e-13 6.08630114918285e-13 2.31391792819484e-12 7.27388843091746e-12 1.77391845174811e-11 3.40414406777472e-11
1.25443032205214e-22 1.27944340745939e-22 1.03053964657089e-22 4.86715000270379e-22 1.65889075923093e-20 4.59100591300645e-19 9.28146417662302e-18 1.37260740263446e-16 1.49153642811924e-15 1.19988874577602e-14 7.2311657565616e-14 3.31984236458712e-13 1.18444263360419e-12 3.34267808071707e-12 7.53685647891549e-12 1.36541077255262e-11 2.03401052531055e-11 2.69244160162153e-11 3.58589513469855e-11 4.98094042750237e-11 6.52901121718201e-11 7.46234626204411e-11 7.66655155175175e-11 8.00796285728218e-11 9.505668569706e-11 1.31361835192864e-10 2.04986388591955e-10 3.20826703514291e-10 4.32365077390718e-10 4.56803577212037e-10 3.64165588111178e-10 2.16380561163159e-10 9.55541244400221e-11 3.13640240251291e-11 7.66033342617086e-12 1.42488797306804e-12 4.07346683347461e-13 1.05784081432086e-12 3.69514627409817e-12 1.00377815340397e-11 2.12726452685723e-11
3.38518943170567e-24 4.06546503000659e-24 3.95601180202204e-24 2.73146724634987e-23 1.11137365547468e-21 3.60317851805135e-20 8.57796536469019e-19 1.50305718478471e-17 1.9504535332798e-16 1.89375432232837e-15 1.3966114215583e-14 7.96913022697411e-14 3.57818339188346e-13 1.27457701959112e-12 3.58811857995716e-12 7.90662518064794e-12 1.36392040374095e-11 1.90747660777869e-11 2.3843660189384e-11 3.01535011116304e-11 3.93267378562111e-11 4.92542776253201e-11 5.83222025990939e-11 6.90625282480326e-11 8.53675493402402e-11 1.11521968987862e-10 1.59867994140199e-10 2.47851227653451e-10 3.62417188732898e-10 4.36060759427941e-10 4.03189966189898e-10 2.79489000334953e-10 1.44204528374481e-10 5.53032198939711e-11 1.57677504902598e-11 3.351150608602e-12 5.92435509303007e-13 4.2197728063555e-13 1.47383511938595e-12 4.51843480815351e-12 1.07016919345628e-11
6.73254900268293e-26 9.56483035185779e-26 1.47505880868527e-25 3.18606983116099e-24 1.45377622705369e-22 5.08374004980738e-21 1.33265534054538e-19 2.61947280018948e-18 3.86868309096448e-17 4.31451480275733e-16 3.66623111229101e-15 2.40398117006426e-14 1.23283993081184e-13 4.98847690287228e-13 1.59205860998689e-12 3.97476375110952e-12 7.70757810056292e-12 1.17337915248203e-11 1.48394478308257e-11 1.76431995084988e-11 2.22568724007723e-11 2.98109704887999e-11 4.02397571521931e-11 5.36730914328228e-11 6.96373654616785e-11 8.73687825626079e-11 1.12171166219281e-10 1.59749828283126e-10 2.38654714164366e-10 3.18080985631161e-10 3.37517565754039e-10 2.71923799490869e-10 1.63758018713115e-10 7.33969991368344e-11 2.4460989643573e-11 6.0617065291506e-12 1.13025277579183e-12 2.46483502593711e-13 4.59036846864216e-13 1.5651663829883e-12 4.19231760826643e-12
9.8846731139649e-28 1.86853177630609e-27 2.27417185105397e-26 1.39330240120325e-24 6.92280125981529e-23 2.56816849729352e-21 7.13698424697177e-20 1.491229739294e-18 2.34830916996125e-17 2.79043280666077e-16 2.50396518143986e-15 1.69960292495806e-14 8.76188763862611e-14 3.4565809907749e-13 1.0546643367845e-12 2.51760240649348e-12 4.74794301411705e-12 7.15275666055254e-12 8.87760289147796e-12 9.927347014125e-12 1.17000422670243e-11 1.60192599628231e-11 2.42180323523317e-11 3.67992249346913e-11 5.20464462534317e-11 6.59813270287032e-11 7.77409059831724e-11 9.58852511094398e-11 1.33169255875528e-10 1.85398036596384e-10 2.19741253396789e-10 2.03164696599074e-10 1.41877853404768e-10 7.4063929429443e-11 2.88072579656922e-11 8.33735938675647e-12 1.79583887247641e-12 3.04631113874905e-13 1.34233464856289e-13 4.11747359215891e-13 1.25276457700982e-12
1.12295861182922e-29 1.02731207843978e-28 8.57695697357928e-27 6.54283938626255e-25 3.68370378714134e-23 1.53141951139588e-21 4.72176722117298e-20 1.08489419046834e-18 1.86600422729385e-17 2.41123555093571e-16 2.34558813606845e-15 1.71819669689146e-14 9.46793368153254e-14 3.91944487257873e-13 1.21869486604185e-12 2.85350565782254e-12 5.06834961509397e-12 6.9389461531862e-12 7.59001110610245e-12 7.24304409467753e-12 7.23144658407179e-12 9.07588470813765e-12 1.40995333389312e-11 2.35623869299043e-11 3.71196929533017e-11 5.07167552911493e-11 5.94550161328058e-11 6.47743008282933e-11 7.57475205230467e-11 9.80373294239352e-11 1.20971703201603e-10 1.23492546820921e-10 9.76998959813737e-11 5.85081767106496e-11 2.62951897430999e-11 8.83369090911211e-12 2.21245114784598e-12 4.14548213786091e-13 7.37737677125922e-14 8.57074146216165e-14 2.82437269632349e-13
2.19001120455488e-31 2.25594755375932e-29 2.71934079268195e-27 2.41456557662065e-25 1.56886765666571e-23 7.47602496322746e-22 2.62066437759775e-20 6.78336069934077e-19 1.30219248336498e-17 1.86263762145535e-16 1.99388522939324e-15 1.60263952648298e-14 9.6883057252739e-14 4.40353571935691e-13 1.50194174139009e-12 3.83388536154985e-12 7.31021417421194e-12 1.04309637021522e-11 1.12994571941206e-11 9.83245156311837e-12 8.13923694631785e-12 8.36055386048321e-12 1.13235185554958e-11 1.77364480998005e-11 2.8601573024533e-11 4.22731653525532e-11 5.30797903553214e-11 5.68674226841502e-11 5.71342464270556e-11 6.1070279503779e-11 6.87219690546411e-11 7.07498806487662e-11 5.96489864048321e-11 3.92034609911371e-11 1.97039085779269e-11 7.50461209717402e-12 2.15248663468743e-12 4.6269790942004e-13 7.61539535763368e-14 2.04159854126806e-14 4.82678482955514e-14
2.39404556989441e-32 4.57485180568343e-30 6.50410501016118e-28 6.74508995991796e-26 5.1049108036674e-24 2.82301049386452e-22 1.14265363236357e-20 3.39327437031435e-19 7.41574147015435e-18 1.19717313972108e-16 1.43385796592226e-15 1.27987911159667e-14 8.54947031807857e-14 4.2866847907551e-13 1.61534844143885e-12 4.57180626242336e-12 9.69815177311087e-12 1.53925521483953e-11 1.83490922255321e-11 1.68953976361371e-11 1.34240511344769e-11 1.19002623353347e-11 1.39010252488347e-11 1.89255966470181e-11 2.73590558300521e-11 3.96955992395579e-11 5.24157637157758e-11 5.89628914765651e-11 5.73153744589131e-11 5.27904552296804e-11 5.02327378456551e-11 4.72844229302436e-11 3.91227398561218e-11 2.62649845852028e-11 1.38398709158738e-11 5.65212721705325e-12 1.77546614959018e-12 4.25651758096624e-13 7.74039946757886e-14 1.17632300856564e-14 7.02301838456473e-15
3.12340076388051e-33 7.06639441422621e-31 1.17051787519159e-28 1.41657359801955e-26 1.25164235781078e-24 8.07393611140046e-23 3.80442357389624e-21 1.31091325169943e-19 3.30894785016741e-18 6.13307873857072e-17 8.37318326597987e-16 8.45214292978753e-15 6.33506744235318e-14 3.54088372453518e-13 1.48140653805841e-12 4.6509080029879e-12 1.09675136118261e-11 1.94225876022452e-11 2.58713024040828e-11 2.62950054707593e-11 2.17754320578579e-11 1.78957628810565e-11 1.86606390608629e-11 2.35628428743195e-11 3.10467766595934e-11 4.13031420605637e-11 5.31718883059829e-11 6.12590879716437e-11 6.05949997639371e-11 5.30879080034507e-11 4.48997204362568e-11 3.81906618636773e-11 3.03127290110121e-11 2.02497052730274e-11 1.07494175951941e-11 4.45124762090986e-12 1.43466401982334e-12 3.59929357168466e-13 7.00285911428749e-14 1.0569868487623e-14 1.74495918004309e-15
3.61326706221408e-34 9.0071193697147e-32 1.67622146551548e-29 2.31218246163581e-27 2.35126700192232e-25 1.75613424335226e-23 9.61196842721e-22 3.85130410921207e-20 1.12957755640286e-18 2.42709123408963e-17 3.82666589552201e-16 4.437772896672e-15 3.79741065802167e-14 2.40667341980145e-13 1.13426658629346e-12 3.99089534638633e-12 1.0516424320459e-11 2.08018126358637e-11 3.09670499595109e-11 3.50141942619835e-11 3.12735123135908e-11 2.52225955107071e-11 2.3629233731852e-11 2.79425036454674e-11 3.55209396639298e-11 4.45521882971591e-11 5.40726595452787e-11 6.06836224528292e-11 5.98774694295902e-11 5.15089036010526e-11 4.07147025053635e-11 3.18675558619138e-11 2.44848649828619e-11 1.66921898693947e-11 9.20964254075606e-12 3.93765519814054e-12 1.29097014586578e-12 3.26048518891091e-13 6.40041237679328e-14 9.82808483379759e-15 1.21481299041453e-15
5.43321780285874e-35 1.32934589500848e-32 2.48843757555276e-30 3.55963017803374e-28 3.86984730681886e-26 3.17228228774338e-24 1.94490262499081e-22 8.85632425973711e-21 2.98002402755039e-19 7.38587503993326e-18 1.34630424759521e-16 1.80474730172669e-15 1.78126620841591e-14 1.29729068455671e-13 6.99280534035075e-13 2.79962909620886e-12 8.35528652096104e-12 1.86518871822804e-11 3.1259732110196e-11 3.96288022776159e-11 3.89947552192564e-11 3.25452133594259e-11 2.83855126152144e-11 3.08039492126386e-11 3.78481423108781e-11 4.62338053222805e-11 5.3959143446903e-11 5.8238506829092e-11 5.57467018860024e-11 4.643477926097e-11 3.4584534374377e-11 2.48225412428122e-11 1.80893496415097e-11 1.258885816497e-11 7.44306499196186e-12 3.45330965554531e-12 1.21605148609089e-12 3.22593508040492e-13 6.48151444768046e-14 9.98060151076264e-15 1.19556286184942e-15
1.23589195989922e-35 3.0823636796654e-33 5.71706870314348e-31 7.95149969762117e-29 8.36688295031016e-27 6.71195826934545e-25 4.12278126798799e-23 1.93836077017689e-21 6.94286762071699e-20 1.88088540412275e-18 3.82496382265331e-17 5.80258767914527e-16 6.53916825871225e-15 5.46305294873848e-14 3.38285039317842e-13 1.55462355090716e-12 5.31442728516098e-12 1.35525991634155e-11 2.58733513448608e-11 3.7211390681445e-11 4.10674784736047e-11 3.69837682315765e-11 3.19402303129416e-11 3.23762426756613e-11 3.80419499423665e-11 4.5172569859106e-11 5.11929508058979e-11 5.38260116169137e-11 5.02260540515205e-11 4.02997037202415e-11 2.80756760344144e-11 1.81059267429228e-11 1.18890470531345e-11 8.06835166024538e-12 5.06096180344244e-12 2.5995197237971e-12 1.0241179546551e-12 3.01760975353279e-13 6.61061703407233e-14 1.08047843177168e-14 1.33037591504343e-15
2.7874423321402e-36 7.87429414805825e-34 1.62460964813456e-31 2.45387452971646e-29 2.72301638913726e-27 2.23113275378195e-25 1.35904481239105e-23 6.20683057207432e-22 2.14547792052345e-20 5.66171016072619e-19 1.14710382962277e-17 1.78640811960262e-16 2.13133025560446e-15 1.93651681919375e-14 1.33146381006016e-13 6.89241158644381e-13 2.67795103566397e-12 7.80044457881793e-12 1.70448141059618e-11 2.80375003537634e-11 3.51562770007599e-11 3.5104762152682e-11 3.16427125673647e-11 3.14768165177968e-11 3.63092194578313e-11 4.2405137805266e-11 4.64070803285989e-11 4.71155368873658e-11 4.31667594704916e-11 3.4071225119488e-11 2.26788605411378e-11 1.31598921576757e-11 7.37203225946309e-12 4.45286555539072e-12 2.79690932598983e-12 1.56733761872901e-12 6.98008110104898e-13 2.34554512909801e-13 5.8377049714829e-14 1.07101415844732e-14 1.45093982196195e-15
