results/Maxent_Output/Lissotriton_helveticus_kde_bias.asc
NCOLS 100 
NROWS 100 
XLLCORNER 0 
YLLCORNER 0 
CELLSIZE 0.01 
NODATA_value -9999 
[rows 18 to 35 of 100, columns 0 to 40 of 100]
1.75580039228315e-13 9.4045842617676e-13 3.86471101484047e-12 1.20014526609325e-11 2.78371111046494e-11 4.7946476719731e-11 6.17225601515198e-11 6.18068435035312e-11 5.42189796080128e-11 4.97681947013404e-11 4.8292009905463e-11 4.14690883645497e-11 2.78748757262534e-11 1.51148581853342e-11 9.53563723894247e-12 1.07011729568082e-11 1.42339580964605e-11 1.80496012616787e-11 2.77029694144484e-11 5.28341867604756e-11 9.14382503086224e-11 1.20310733694194e-10 1.1495399820649e-10 7.90568490088141e-11 3.9148537645472e-11 1.40885448492707e-11 3.87199754954939e-12 1.12279541490728e-12 9.58770976040836e-13 1.70908868074705e-12 2.65441592849137e-12 3.02623441335942e-12 2.47335810463175e-12 1.44354631331533e-12 6.01780984135568e-13 1.87012319261202e-13 1.20247029609985e-13 5.83706248294405e-13 2.8945300464788e-12 1.03410200729021e-11 2.63755719226512e-11
1.82763490814079e-13 8.83497104573553e-13 3.38999047688032e-12 1.0278189910078e-11 2.44592130720122e-11 4.52009373905322e-11 6.42301073910805e-11 7.04811052987074e-11 6.27456654433642e-11 5.1935607042288e-11 4.61920854983557e-11 4.15928138923522e-11 3.22044734658199e-11 2.07539361674442e-11 1.47192576584984e-11 1.7259647333073e-11 2.42719990811638e-11 2.95193155863065e-11 3.4637784110353e-11 5.18840893222426e-11 8.86477401034548e-11 1.27944856961883e-10 1.37700912495513e-10 1.07308301165374e-10 6.02073864442213e-11 2.43152080506361e-11 7.09672016606135e-12 1.54850752650438e-12 3.74308296938281e-13 3.55570628368785e-13 5.88291116777156e-13 7.61815837428423e-13 7.09895440589904e-13 4.72564847639844e-13 2.24763086327853e-13 8.02243781502332e-14 6.45072862115718e-14 3.7228743670067e-13 2.11081661631589e-12 8.6167924112145e-12 2.51339619592116e-11
2.45188651666134e-13 1.0941441892534e-12 3.91576981805611e-12 1.11852503682422e-11 2.55278947023315e-11 4.66625893246887e-11 6.8054793866727e-11 7.85161545902899e-11 7.21570522203689e-11 5.678556350215e-11 4.58139480364243e-11 4.2331055086909e-11 3.86490498277481e-11 3.02212178137386e-11 2.24017025691935e-11 2.28897105523112e-11 3.15739058032742e-11 3.99998930520278e-11 4.30568427397193e-11 4.97535770417808e-11 7.39971434705363e-11 1.10803409647465e-10 1.31734265109276e-10 1.15255196118502e-10 7.29683143988036e-11 3.33236218347958e-11 1.0979234066204e-11 2.61859055748894e-12 4.68747754982392e-13 1.02857689489666e-13 9.81667643889688e-14 1.38044970153016e-13 1.46865216679761e-13 1.12272454658727e-13 6.17157885262139e-14 2.58853253001192e-14 2.56003786910595e-14 1.70979762704301e-13 1.10912487521465e-12 5.19127914812692e-12 1.74071681485584e-11
3.47963001537917e-13 1.45095150301593e-12 4.89040032996777e-12 1.33811517017488e-11 2.96142315323878e-11 5.2882488229847e-11 7.61793278642964e-11 8.82644645313024e-11 8.21774559029685e-11 6.40512432398053e-11 4.97094746153017e-11 4.81627132972927e-11 5.20436187991206e-11 4.88150606254395e-11 3.77497550171849e-11 2.99246526698322e-11 3.2995653125081e-11 4.16393501044347e-11 4.58212773671349e-11 4.67610249939514e-11 5.73790357509319e-11 8.21563062786126e-11 1.0368816511913e-10 9.97567245703293e-11 7.04172507163056e-11 3.62221649216665e-11 1.36038417632587e-11 3.75959565802206e-12 7.79897672771685e-13 1.30552802307067e-13 2.89758288312354e-14 2.43000470125948e-14 3.16198114968152e-14 3.43231390728861e-14 2.94969249836256e-14 2.05548623767514e-14 1.65590798543423e-14 6.16192348937937e-14 4.28019642697762e-13 2.31001468106417e-12 9.02984701295055e-12
4.70757481851312e-13 1.90963730549731e-12 6.06440399302462e-12 1.55586353999251e-11 3.2881151850786e-11 5.7406561355804e-11 8.21871810331058e-11 9.55285796766777e-11 8.96141902677864e-11 6.97346648707952e-11 5.29629812823241e-11 5.30924071169984e-11 6.56429836280786e-11 7.20585576918062e-11 6.15701103109169e-11 4.33893794050728e-11 3.32390749272942e-11 3.4514012240297e-11 3.83939695755551e-11 3.95138785862672e-11 4.43555231222826e-11 5.95149429416857e-11 7.67383170410478e-11 7.91565859558212e-11 6.17292004776774e-11 3.62404779982461e-11 1.62538518819275e-11 5.72415548180686e-12 1.64967193988675e-12 4.10094573239724e-13 9.69326683225671e-14 4.09295430941364e-14 6.02061298310544e-14 1.0194434853659e-13 1.31314732303038e-13 1.25690029572625e-13 9.26121674119324e-14 6.67568170373411e-14 1.49238280367736e-13 8.09109809534821e-13 3.76851281084178e-12
5.37692288119596e-13 2.28119771719082e-12 7.23278796086235e-12 1.76917042032607e-11 3.4779388118864e-11 5.70478388420311e-11 7.93698679877413e-11 9.27841374680211e-11 8.92851410020082e-11 7.08648929299793e-11 5.23151223314156e-11 5.03599909521676e-11 6.69238487161234e-11 8.43669196121447e-11 8.27662697158261e-11 6.19364921718059e-11 3.92257225612185e-11 2.78272736203311e-11 2.62277490905938e-11 2.78813197641632e-11 3.2984057397653e-11 4.55577828532546e-11 6.17977805786224e-11 6.9733691913452e-11 6.24317416481733e-11 4.48272271543533e-11 2.64181844982715e-11 1.29793078508511e-11 5.35186714644761e-12 1.86120074786178e-12 5.59797382333823e-13 2.05115789960213e-13 2.41384129032165e-13 4.49440313119473e-13 6.66126192438775e-13 7.35259269074593e-13 6.19516163265091e-13 4.17332126819908e-13 2.57773794495689e-13 3.40755328216091e-13 1.45140358112937e-12
4.72028404240548e-13 2.20346901485718e-12 7.475522443785e-12 1.8746613679446e-11 3.58333046296725e-11 5.48330330680535e-11 7.12715690108554e-11 8.17865749898296e-11 8.22370901078534e-11 7.03884643921579e-11 5.30400678543034e-11 4.49178672098128e-11 5.54344088099379e-11 7.63788942218095e-11 8.70725564347849e-11 7.56130438551084e-11 5.07156423012377e-11 2.92569620428355e-11 1.90993338923616e-11 1.80558286102926e-11 2.33455565162674e-11 3.54421192047284e-11 5.28558839051655e-11 6.86384317324642e-11 7.51715697803864e-11 6.95022314080709e-11 5.38057683624949e-11 3.42410360824685e-11 1.77293829047904e-11 7.49843231500369e-12 2.6315117552519e-12 9.08994155169573e-13 7.65976249297099e-13 1.45470835528252e-12 2.44479309989294e-12 3.09700432533728e-12 3.01115746744431e-12 2.33973697530214e-12 1.50233126827272e-12 8.50345117094429e-13 8.36622952863128e-13
3.04272476538726e-13 1.59894627673036e-12 6.03647298628635e-12 1.64948880302128e-11 3.31654453807477e-11 5.08812316827225e-11 6.40046233278323e-11 7.30840779194378e-11 8.0309929316448e-11 8.1270765590999e-11 7.06895817303834e-11 5.4807817128618e-11 4.86216106411856e-11 5.86834367063778e-11 7.37947474192531e-11 7.62957197819663e-11 6.07756412625948e-11 3.78050284328328e-11 2.09013657117254e-11 1.53717185293361e-11 1.93848565684821e-11 3.00028803864796e-11 4.59149942817929e-11 6.63688459407531e-11 8.7971713961547e-11 1.01744064031827e-10 9.73733018842106e-11 7.46678537138761e-11 4.5661874908955e-11 2.25431200091247e-11 9.10524110754754e-12 3.23992243051566e-12 1.95064248227907e-12 3.41158204155742e-12 6.42349558613891e-12 9.33463573619619e-12 1.04826024132379e-11 9.45688968881052e-12 7.03474615340486e-12 4.28707529596791e-12 2.2053081977115e-12
1.41487809256156e-13 8.44194275663788e-13 3.60403230061405e-12 1.10520600328576e-11 2.46000639429055e-11 4.09234433253157e-11 5.49443170153212e-11 6.89042881286035e-11 9.01075611528779e-11 1.13937788464533e-10 1.20951738953223e-10 1.01146011575232e-10 7.06977025269142e-11 5.41050445634673e-11 5.74548795206359e-11 6.60081722103388e-11 6.29810351145615e-11 4.63138963546657e-11 2.7612351417706e-11 1.8478992384226e-11 2.13881085514205e-11 3.14710243996498e-11 4.41460877360255e-11 6.15536131560024e-11 8.86981094216612e-11 1.19752430266204e-10 1.35081022864896e-10 1.20953832871958e-10 8.57491213039857e-11 4.89347780843365e-11 2.27385362014017e-11 8.82477602292615e-12 4.17618859111984e-12 5.89071560360425e-12 1.20991802856807e-11 2.01365116144089e-11 2.61323669146638e-11 2.73896271827898e-11 2.36897426832688e-11 1.66604747227925e-11 9.19953668087167e-12
4.71635824004504e-14 3.20474202011781e-13 1.55628231204159e-12 5.41816143914367e-12 1.36591285726082e-11 2.57510620687586e-11 3.98362473488589e-11 6.03112495522177e-11 9.86058975918579e-11 1.53086250443948e-10 1.92889017621982e-10 1.84188201412565e-10 1.33028059367272e-10 8.01432738758379e-11 5.54216841638465e-11 5.49821560955578e-11 5.72589724953546e-11 4.83905600152133e-11 3.23071850150327e-11 2.16796424248767e-11 2.37133123861445e-11 3.48061995636392e-11 4.64023974454368e-11 5.71234139006987e-11 7.64628178576253e-11 1.08927500793055e-10 1.38568447035797e-10 1.42253561775743e-10 1.1600425024008e-10 7.62804510007587e-11 4.08129090835013e-11 1.78022270948662e-11 7.59023265203266e-12 7.75397367267909e-12 1.64177164213487e-11 3.11211202359191e-11 4.66683744893964e-11 5.68389184802057e-11 5.71487396248959e-11 4.65080888952652e-11 2.94287823097986e-11
1.12457975046545e-14 8.71173439104217e-14 4.82270834130136e-13 1.91491118678955e-12 5.52310589157729e-12 1.20713180347582e-11 2.24905162906271e-11 4.31073587935636e-11 8.84520783263243e-11 1.64220056023307e-10 2.40103135411083e-10 2.62372240133423e-10 2.12744249584355e-10 1.32834394702787e-10 7.53662024108086e-11 5.46517144384235e-11 5.15924779144609e-11 4.54224141517537e-11 3.22445879209461e-11 2.12825824051676e-11 2.13669966673766e-11 3.20195574922177e-11 4.4232877698511e-11 5.11238854950062e-11 5.85624505506821e-11 7.76230917925481e-11 1.04825923585967e-10 1.20991491586029e-10 1.1286670567349e-10 8.54557539993651e-11 5.27724445810001e-11 2.63321037441686e-11 1.14133269378099e-11 8.35807031055188e-12 1.6356955256688e-11 3.46445605804908e-11 5.98121179780716e-11 8.45584643047605e-11 9.87506653831051e-11 9.29287984728698e-11 6.76109280079628e-11
1.91670889432133e-15 1.69350546799655e-14 1.0697767876105e-13 4.85638676060591e-13 1.61313510515685e-12 4.15802049325074e-12 9.63402891009811e-12 2.38598392273415e-11 6.07583565446304e-11 1.32746936072341e-10 2.23125136466734e-10 2.78564065406984e-10 2.5770246237829e-10 1.8122906077696e-10 1.06970065755009e-10 6.77042032816804e-11 5.43912631134077e-11 4.52036093095131e-11 3.15794146427449e-11 1.9129915835433e-11 1.55799153537787e-11 2.23308780997691e-11 3.30825864364855e-11 3.93088603335283e-11 4.04548901313876e-11 4.54488764307616e-11 5.94814743212479e-11 7.47497073439076e-11 7.93163421290319e-11 6.94354222722906e-11 5.00162393882024e-11 2.92184728609487e-11 1.42198679105926e-11 8.54893992400548e-12 1.30730013232897e-11 2.86609926414766e-11 5.56093053925226e-11 9.04765461120639e-11 1.22319271744673e-10 1.32896683105283e-10 1.11109243421943e-10
2.33457318923755e-16 2.35327271615443e-15 1.69762616788884e-14 8.8327081590837e-14 3.40507744348319e-13 1.05672710598352e-12 3.14077102161247e-12 1.01173356246507e-11 3.15036920564301e-11 8.01827003548612e-11 1.54349319761797e-10 2.20245271655092e-10 2.33944378505995e-10 1.89801576328626e-10 1.26846648436648e-10 8.30700390042266e-11 6.29372082907527e-11 5.00622415392853e-11 3.42613862462689e-11 1.89901478338891e-11 1.09937229284539e-11 1.203971717585e-11 1.83897518585262e-11 2.35813260657113e-11 2.40149030650007e-11 2.30582613364191e-11 2.64000103715933e-11 3.41670472150233e-11 4.11260411978758e-11 4.2635340494507e-11 3.73608044234263e-11 2.71336631364631e-11 1.6572741145307e-11 1.05703678445118e-11 1.16157414523979e-11 2.07520595244357e-11 3.99305490447032e-11 7.10126529600442e-11 1.0917120931112e-10 1.36179123279116e-10 1.30603085902813e-10
2.03202770600504e-17 2.33760900769477e-16 1.9279476344988e-15 1.15416010256709e-14 5.22843734693017e-14 2.01246160650395e-13 7.90820069689138e-13 3.2954353522538e-12 1.23505821444353e-11 3.63599897751015e-11 8.00539315652051e-11 1.30865019468798e-10 1.60652954463783e-10 1.52388036459757e-10 1.1873148849882e-10 8.57420502783015e-11 6.56865705791484e-11 5.21782167387158e-11 3.66528467082726e-11 2.04092034493585e-11 9.44864598631631e-12 5.96229432873777e-12 7.6600122407947e-12 1.05257758215311e-11 1.1365037866325e-11 1.019779859824e-11 9.79398306961816e-12 1.22029753504801e-11 1.70872325563761e-11 2.28653545792149e-11 2.71057297636192e-11 2.69340948025925e-11 2.22270982940821e-11 1.72397004098003e-11 1.64009771876511e-11 2.03960286540788e-11 2.90179932693502e-11 4.54835921481437e-11 7.23819795781912e-11 1.00714056415015e-10 1.09975748085941e-10
1.26402301670912e-18 1.6604513895625e-17 1.56892970005669e-16 1.08844841573939e-15 5.92004418902695e-15 2.94383072984222e-14 1.56160607433987e-13 8.27148964041713e-13 3.67437863370505e-12 1.24516596093821e-11 3.1370523690547e-11 5.89827033721057e-11 8.43237241020938e-11 9.45333443518475e-11 8.70487070962285e-11 7.08663304859972e-11 5.61282073039354e-11 4.46817837496528e-11 3.258060448728e-11 1.93052962512602e-11 8.84364915136111e-12 3.6684867652483e-12 2.68480303106003e-12 3.47378802466356e-12 4.06184568213347e-12 3.73533814917139e-12 3.22415255556388e-12 3.89690929709134e-12 7.09876920628931e-12 1.39714142009935e-11 2.37378590515823e-11 3.17195575485681e-11 3.29557567391485e-11 2.91870858074595e-11 2.72043273799165e-11 2.92788041460693e-11 3.1692420959706e-11 3.3883286922631e-11 4.14877511238946e-11 5.60456972811889e-11 6.69709981692318e-11
5.62047718059121e-20 8.44055237668408e-19 9.17452294464672e-18 7.47759364797642e-17 5.06059023897479e-16 3.40239556682771e-15 2.43434040910045e-14 1.5969220173231e-13 8.29916364749139e-13 3.2283437940761e-12 9.32441471134191e-12 2.02638631223201e-11 3.39833164748025e-11 4.53592429855141e-11 4.96463204515277e-11 4.60735887999419e-11 3.83110100163168e-11 3.02933337523622e-11 2.24433309240054e-11 1.41658958377254e-11 6.98696547960631e-12 2.67696274533253e-12 1.07549577473772e-12 9.04023610028743e-13 1.07608120906482e-12 1.07885239525982e-12 9.86973710425247e-13 1.42017205789672e-12 3.7170189552851e-12 1.011621883243e-11 2.19125764678497e-11 3.53978002815761e-11 4.26686195562614e-11 4.11596667379941e-11 3.81418660733674e-11 3.9710832912485e-11 4.14772721506279e-11 3.72638124923633e-11 3.03933147135132e-11 2.84184058024066e-11 3.10972270705313e-11
1.78723867055083e-21 3.07560559526976e-20 3.87766700190737e-19 3.80868761778265e-18 3.37714415842017e-17 3.16656175178067e-16 2.9755499395693e-15 2.35277692948499e-14 1.4168319213981e-13 6.32048146378851e-13 2.09857282626016e-12 5.2969472893485e-12 1.04752653651312e-11 1.66876947386078e-11 2.16981096565803e-11 2.31113828672801e-11 2.06054366406425e-11 1.62790945041603e-11 1.19312951354778e-11 7.81090664859397e-12 4.17168610641781e-12 1.70678539614491e-12 5.59834657617497e-13 2.37017721948332e-13 2.24546101591584e-13 2.75533766041547e-13 4.07594234266338e-13 9.21892913532334e-13 2.64506894316037e-12 7.41061251792127e-12 1.73799281323242e-11 3.13571177043666e-11 4.23304196990562e-11 4.42822673856599e-11 4.13301354074213e-11 4.19449259474644e-11 4.50416252915095e-11 4.19079855189476e-11 3.08176063707362e-11 1.95186137623147e-11 1.38382881971884e-11
4.06828978560054e-23 8.06205287600161e-22 1.19857359804167e-20 1.48152074297151e-19 1.81962274767831e-18 2.36702789287819e-17 2.80342289145593e-16 2.61392992530356e-15 1.81313407874848e-14 9.2788963184467e-14 3.55204486659533e-13 1.04538110446074e-12 2.44386698359046e-12 4.63809933793555e-12 7.13289692934571e-12 8.75123022737683e-12 8.55578470052784e-12 6.92832994179842e-12 4.97946890163923e-12 3.26732452030023e-12 1.8456612880845e-12 8.24900194425315e-13 2.80329667029465e-13 8.35692174854211e-14 5.51995589505315e-14 1.34597243970993e-13 4.54482801874523e-13 1.35681252144025e-12 3.299672457211e-12 6.9027555486031e-12 1.32302894700107e-11 2.26434179978119e-11 3.1909218184721e-11 3.56600948238164e-11 3.40021326767539e-11 3.35028383780145e-11 3.6585519797216e-11 3.68422667771524e-11 2.91967108861831e-11 1.76058166730173e-11 8.85677751932155e-12
