results/Maxent_Output/Lissotriton_helveticus_kde_bias.asc
NCOLS 100 
NROWS 100 
XLLCORNER 0 
YLLCORNER 0 
CELLSIZE 0.01 
NODATA_value -9999 
[rows 36 to 53 of 100, columns 41 to 81 of 100]
3.57865040483011e-12 1.54555465868852e-12 7.1004515954722e-13 3.19202859471107e-13 1.22345525004183e-13 4.389481752042e-14 5.5729180975388e-14 3.00778608031964e-13 1.59676804240572e-12 6.45074571656103e-12 1.93215037977257e-11 4.30344244443001e-11 7.22328181057475e-11 9.43695677940683e-11 1.04159754812239e-10 1.13551301405024e-10 1.36928898967651e-10 1.69396667822681e-10 1.93848521875897e-10 2.0626967718295e-10 2.16957255606762e-10 2.33733249598504e-10 2.61032755105487e-10 2.99674368370205e-10 3.28668573295671e-10 3.09466972260706e-10 2.31147928286174e-10 1.31421298613607e-10 5.60058342539626e-11 1.80059045828805e-11 4.7728418611146e-12 2.32665796700154e-12 4.76805803169669e-12 1.1707347770328e-11 2.57695256484571e-11 5.42076239283112e-11 1.05828629158143e-10 1.71977461859305e-10 2.14156104218074e-10 1.96963828888478e-10 1.33849746151092e-10
5.88091703327121e-12 2.8744690958379e-12 1.09891466946135e-12 3.30853147849011e-13 8.96584244884883e-14 4.92837741005694e-14 9.37329466208172e-14 3.01269125484499e-13 1.27773495682715e-12 5.06986408430599e-12 1.57292184357058e-11 3.67141988324779e-11 6.46597320577201e-11 8.7823161725214e-11 9.7621846901692e-11 1.01839379592962e-10 1.17293679609876e-10 1.47824214062642e-10 1.81612556655825e-10 2.12068179820486e-10 2.4310202241171e-10 2.72672343611398e-10 2.96891024817564e-10 3.27057418331953e-10 3.67072942156641e-10 3.80351275113964e-10 3.23708258412208e-10 2.11030371655465e-10 1.02074645004296e-10 3.6224719007684e-11 9.74469377975881e-12 3.44162879190742e-12 5.7998087475693e-12 1.42528054907508e-11 2.89834068590677e-11 5.20200067137795e-11 9.12393843764267e-11 1.5127036391875e-10 2.09277511287638e-10 2.20967732480338e-10 1.71856760934139e-10
1.32723724779696e-11 8.15396344637497e-12 3.63769065024404e-12 1.17636131135049e-12 3.04577520232363e-13 1.6204356618053e-13 3.04325125285892e-13 6.50285680173882e-13 1.62920726642324e-12 5.20468979253161e-12 1.5878788273016e-11 3.82584695292432e-11 6.96583114724973e-11 9.65338185913142e-11 1.05937226505584e-10 1.02029489654365e-10 1.03262401673189e-10 1.21296778889825e-10 1.52781224233504e-10 1.94193738044676e-10 2.4662061742783e-10 2.97866878050652e-10 3.26709706145813e-10 3.38708222680576e-10 3.61805912976455e-10 3.88386012499854e-10 3.66228581028979e-10 2.721756139665e-10 1.51433978027829e-10 6.19335660651877e-11 1.89814566928368e-11 5.97476256324454e-12 6.54112131871896e-12 1.52796787104367e-11 3.1980009827146e-11 5.65162450831427e-11 9.34226576944317e-11 1.52793780540064e-10 2.26234735288012e-10 2.68587115422937e-10 2.38963428035979e-10
2.62020630423033e-11 1.8843976113653e-11 9.70281889023382e-12 3.58396285422539e-12 1.01746746094061e-12 4.84293397032934e-13 8.87470605327114e-13 1.81154486656024e-12 3.23888451418092e-12 6.67714568815785e-12 1.73580853307498e-11 4.2981456945038e-11 8.43057426464484e-11 1.25538794524614e-10 1.43485562277132e-10 1.32448738900948e-10 1.1182715376828e-10 1.04580228599471e-10 1.19153810218385e-10 1.57036038176077e-10 2.18904337701054e-10 2.880139078907e-10 3.29315264218809e-10 3.3103074687097e-10 3.25209358912685e-10 3.36257441369269e-10 3.3426241596768e-10 2.77113344422935e-10 1.76571657967173e-10 8.40861416195318e-11 3.07479038098157e-11 1.12735353447713e-11 9.3370325636867e-12 1.65581965767078e-11 3.29136340540274e-11 6.06654657540293e-11 1.04598096507993e-10 1.75453737304967e-10 2.71659974289048e-10 3.48836984442233e-10 3.43965679407634e-10
3.85956223216851e-11 3.1821029720774e-11 1.87338274845061e-11 7.89404397529281e-12 2.49775130709274e-12 1.09626355876413e-12 1.93795399613604e-12 4.27603667038373e-12 7.3854458940047e-12 1.11300341471649e-11 1.96264613588526e-11 4.31754389370847e-11 8.99635403392715e-11 1.49650607187067e-10 1.91168614402114e-10 1.89522549818353e-10 1.52902869436283e-10 1.13427514318802e-10 9.75934230351505e-11 1.16487920642801e-10 1.70831907430096e-10 2.42723032133764e-10 2.92934757378124e-10 2.95935753747279e-10 2.72465197040315e-10 2.60007356579247e-10 2.58176406942791e-10 2.32768153741723e-10 1.69947637024133e-10 9.6327625444235e-11 4.41930488125725e-11 2.17628094202963e-11 1.90143230856455e-11 2.54721290398929e-11 3.94821762523759e-11 6.72966041520318e-11 1.18872037960123e-10 2.05408990809523e-10 3.24517810058234e-10 4.3143317195141e-10 4.51526675744667e-10
4.09591844672962e-11 3.85546422352016e-11 2.59091031095557e-11 1.24671561279831e-11 4.45849575532613e-12 1.89360053336933e-12 3.10380534925012e-12 7.52700816114853e-12 1.42040701814077e-11 2.06446828153205e-11 2.69535319699737e-11 4.18539660077333e-11 7.95353485446948e-11 1.42692891146731e-10 2.07099804074669e-10 2.33868803994295e-10 2.06245443442402e-10 1.47666080288657e-10 9.89305496665662e-11 8.78927079671059e-11 1.20719750593914e-10 1.8060605467675e-10 2.30089975258034e-10 2.38365567600023e-10 2.13534522339586e-10 1.90279015127299e-10 1.84994006674907e-10 1.80110358753335e-10 1.53350693015788e-10 1.07097163206823e-10 6.35458705642888e-11 4.08648861997752e-11 3.99833937402697e-11 5.00095480730563e-11 6.36721950289909e-11 8.79214901811544e-11 1.4000122326679e-10 2.35023972430784e-10 3.6743033790937e-10 4.88733165196775e-10 5.21588713025525e-10
3.11088422323239e-11 3.34165738900988e-11 2.56613545559055e-11 1.41920551533214e-11 5.92059500974753e-12 2.69778736358872e-12 3.84411346345167e-12 9.71765344330493e-12 2.04370070103048e-11 3.24840455976523e-11 4.09942752227947e-11 4.84534127894121e-11 6.80759227346496e-11 1.1287312509921e-10 1.76669256754928e-10 2.27335383481979e-10 2.29866260189116e-10 1.81662940106649e-10 1.17262062720719e-10 7.74033660340892e-11 8.10151921489546e-11 1.18625690494169e-10 1.59004403207532e-10 1.71768718910423e-10 1.55753208256709e-10 1.37481376321114e-10 1.38055868451108e-10 1.50800540716942e-10 1.52655062363426e-10 1.30505335383867e-10 9.48612391461749e-11 7.00754209827331e-11 7.10218856165981e-11 9.00139085113289e-11 1.10223720241209e-10 1.30850240553678e-10 1.72326174423845e-10 2.57071406859142e-10 3.83111200389423e-10 5.02522549430446e-10 5.37699766236396e-10
1.68941161367119e-11 2.07367324872542e-11 1.83120722515256e-11 1.19567320329944e-11 6.43589350902419e-12 4.00022713578925e-12 4.74890711259432e-12 9.94005381599324e-12 2.17136047170574e-11 3.84230405952996e-11 5.32438618191334e-11 6.17587584658265e-11 6.97874859406452e-11 9.02392713311744e-11 1.3035491573307e-10 1.78263939880051e-10 2.04186987108409e-10 1.85567355848572e-10 1.325035240487e-10 8.01805474746199e-11 5.77964220606706e-11 6.89583781585792e-11 9.40488742949175e-11 1.08164897842911e-10 1.0448375080791e-10 1.00138384035794e-10 1.14902466635994e-10 1.46950624591459e-10 1.72458733165262e-10 1.68420798191092e-10 1.36421051674029e-10 1.0456237740534e-10 1.02352141992934e-10 1.31413042404207e-10 1.6697223150228e-10 1.91544210670633e-10 2.1717271803864e-10 2.69955312584351e-10 3.5939826137775e-10 4.54052372141728e-10 4.8701052818116e-10
6.56816073487896e-12 9.27119867264992e-12 9.67082832881746e-12 8.22966038586213e-12 7.21801434070413e-12 7.65269570449855e-12 8.77705242995878e-12 1.13102449955771e-11 1.89169241314398e-11 3.38638241007651e-11 5.22449285844335e-11 6.7214427852043e-11 7.68357422552208e-11 8.6117080536568e-11 1.02534615224243e-10 1.28423155581708e-10 1.53131049490612e-10 1.56548937846151e-10 1.28886968373242e-10 8.46536532304877e-11 5.01611518644121e-11 3.99756727965546e-11 4.84947362303114e-11 6.01919722844017e-11 6.69976917471778e-11 7.72796771979919e-11 1.05971134376862e-10 1.53796723775359e-10 1.97725317570225e-10 2.07848771130481e-10 1.77663662083109e-10 1.35644595448098e-10 1.22756438162792e-10 1.54603845740859e-10 2.07536807086796e-10 2.47575379531699e-10 2.6685766602564e-10 2.83241144586898e-10 3.148508409873e-10 3.57268064777706e-10 3.73844756895575e-10
1.83986259589044e-12 3.06842478365288e-12 4.1773192499876e-12 5.85092587201823e-12 9.67061469911873e-12 1.55014401453584e-11 1.99630985483276e-11 2.04279174372594e-11 2.01064254906274e-11 2.54523372109133e-11 3.85447089293423e-11 5.5411260422875e-11 7.1250466874121e-11 8.38708688431811e-11 9.35587831765848e-11 1.02732305119081e-10 1.1282512082521e-10 1.18351984951096e-10 1.08738979135956e-10 8.1691382022213e-11 5.02220421947263e-11 3.08304168905334e-11 2.88683049351963e-11 3.85034120574378e-11 5.33987649807915e-11 7.51562053581183e-11 1.11318706144206e-10 1.63281431761291e-10 2.14068965857944e-10 2.3395399288148e-10 2.08327418470157e-10 1.59292894966195e-10 1.31855337862524e-10 1.54580620812132e-10 2.13939368809578e-10 2.70436182541116e-10 2.97172865250228e-10 2.94762592151905e-10 2.78292420941257e-10 2.62335731071738e-10 2.4583657392823e-10
3.81676789622519e-13 8.32084876769734e-13 1.87173781289121e-12 4.96937784715178e-12 1.27241273417718e-11 2.56845798674969e-11 3.80651803713708e-11 4.10662792778253e-11 3.36767851285729e-11 2.52590213482634e-11 2.50673851884679e-11 3.45247080297494e-11 5.01082327242773e-11 6.77586904560046e-11 8.34162358691518e-11 9.35983748873521e-11 9.74791694116105e-11 9.63271684757826e-11 8.91658709937452e-11 7.30251568641503e-11 5.0927184331919e-11 3.40793591383978e-11 3.23684682913858e-11 4.6642341035413e-11 7.16908117282243e-11 1.03452380970309e-10 1.41341027213543e-10 1.84383153925718e-10 2.24363739280648e-10 2.42601683145199e-10 2.22869135121882e-10 1.75082852011058e-10 1.37584953788522e-10 1.45166779606406e-10 1.95757738900089e-10 2.54309016369803e-10 2.86947928381445e-10 2.82391318063596e-10 2.47045616403776e-10 1.97677620182125e-10 1.52465156286611e-10
6.50260938178393e-14 2.35302968247608e-13 1.00584490015767e-12 4.13593905494202e-12 1.33797069891334e-11 3.16800922670018e-11 5.39161189031845e-11 6.57729349727857e-11 5.78904535077621e-11 3.81802867060154e-11 2.25676178384957e-11 1.91399297195252e-11 2.68721706960744e-11 4.27656446293484e-11 6.43148892629422e-11 8.68025517025324e-11 1.01938863409476e-10 1.03097274300875e-10 9.15863315961372e-11 7.38682811049507e-11 5.62132648485113e-11 4.66734188882292e-11 5.53131175932851e-11 8.542021453342e-11 1.28125521086416e-10 1.70312843323684e-10 2.04369836040087e-10 2.28213072769056e-10 2.41381589314286e-10 2.40839390701914e-10 2.19282108637717e-10 1.77603432564193e-10 1.39376479527364e-10 1.36175867551938e-10 1.73009193141377e-10 2.20622356250246e-10 2.46085896995699e-10 2.3822944113088e-10 2.02255905651688e-10 1.49995106564237e-10 9.857647684455e-11
1.16261380876458e-14 8.0132579302667e-14 5.29553049247619e-13 2.74802588184368e-12 1.04310420077171e-11 2.84453034408515e-11 5.54987597521511e-11 7.74169366596154e-11 7.72777790011102e-11 5.5523814287328e-11 2.97403589952207e-11 1.46305359847915e-11 1.27355553906214e-11 2.21485118343428e-11 4.3727310269721e-11 7.78644000995944e-11 1.14854729948538e-10 1.35109429061523e-10 1.27807594630959e-10 1.03416007637308e-10 8.08940193927685e-11 7.4925816957218e-11 9.84319932420065e-11 1.56263063670449e-10 2.29548854887592e-10 2.84992349043335e-10 3.04846306834365e-10 2.94731685782036e-10 2.68065625146643e-10 2.35418012410693e-10 2.00207404733503e-10 1.61299185129008e-10 1.27635853213014e-10 1.20457167463229e-10 1.47422037673898e-10 1.84765175068119e-10 2.00134711330902e-10 1.84335939611319e-10 1.48615996788467e-10 1.05353928206431e-10 6.43360728556071e-11
2.51711007687849e-15 2.67180994374648e-14 2.22403511122806e-13 1.35357257988284e-12 5.91763278917158e-12 1.85086443862155e-11 4.13777686218686e-11 6.6107291612374e-11 7.54861676117082e-11 6.16580443246055e-11 3.62285687230672e-11 1.6014159271437e-11 7.66756495683655e-12 1.06849968674975e-11 2.75868454789683e-11 6.48114738490912e-11 1.19575574041021e-10 1.68154797907918e-10 1.82700361756034e-10 1.62907479461328e-10 1.348150250597e-10 1.26046928212164e-10 1.60395838237402e-10 2.51248862339912e-10 3.70636373137158e-10 4.5136810797103e-10 4.50044096595256e-10 3.85022799914642e-10 3.01145353250103e-10 2.27972421016938e-10 1.73485900976734e-10 1.330451370633e-10 1.0371987485971e-10 9.43023490089529e-11 1.12236914627211e-10 1.42683413263692e-10 1.56569190631942e-10 1.40947883146212e-10 1.07080000724165e-10 7.09481538119342e-11 4.08452855110532e-11
5.69130064536672e-16 7.19910327197359e-15 6.94320073875297e-14 4.85486649422165e-13 2.4332161075814e-12 8.71990130844682e-12 2.23328244523171e-11 4.0872006466127e-11 5.34503259981993e-11 4.9952917288803e-11 3.33922616652845e-11 1.61136697922902e-11 6.35157073335266e-12 5.43781778252704e-12 1.58619303054034e-11 4.63393411660701e-11 1.03016526852364e-10 1.7129163908435e-10 2.17794717042819e-10 2.23972208811688e-10 2.0530869514322e-10 1.94137051677142e-10 2.28291058813258e-10 3.40905512953261e-10 5.10519327130891e-10 6.37226646218458e-10 6.30101822978517e-10 5.04213646193139e-10 3.46994046369121e-10 2.241597762607e-10 1.49685127862774e-10 1.09037517112231e-10 8.54139719856768e-11 7.44083569838557e-11 8.01962046700374e-11 9.87729840568112e-11 1.12785425969229e-10 1.07484374311944e-10 8.44797932108455e-11 5.55506801055916e-11 3.06091136779727e-11
3.61199121698244e-16 2.26159972811144e-15 1.76470487537858e-14 1.29228442706517e-13 7.27863520072812e-13 2.976350157669e-12 8.72470148641002e-12 1.82856392383668e-11 2.73856592547941e-11 2.93047619832897e-11 2.24082441277321e-11 1.22738299067608e-11 5.03993248902263e-12 2.94763255679864e-12 7.94534046666034e-12 2.72712512948614e-11 7.13659201457771e-11 1.39451881493154e-10 2.08822869953083e-10 2.51592753728091e-10 2.61264186393453e-10 2.56634541284913e-10 2.79166115975021e-10 3.83955805124823e-10 5.77803198749857e-10 7.56658934716281e-10 7.80046857188483e-10 6.26485406226643e-10 4.06508739602888e-10 2.31838069145823e-10 1.3625625729598e-10 9.86261877057751e-11 8.70499594863056e-11 8.19115740465299e-11 7.85730715801093e-11 7.86802434318798e-11 8.13120745769691e-11 8.09414172990779e-11 7.19213298638695e-11 5.37883861035038e-11 3.23373474325572e-11
1.38887049285237e-15 5.20441281018684e-15 1.55435562589978e-14 4.76825019578661e-14 1.87615820954289e-13 7.63248256734398e-13 2.48425668087221e-12 5.92461760857474e-12 1.01465474254954e-11 1.2426821833127e-11 1.08750064985067e-11 6.80573167900208e-12 3.11459654608347e-12 1.56847610928832e-12 3.59146808379754e-12 1.39431550213084e-11 4.23590574968594e-11 9.66400748626114e-11 1.69585796962113e-10 2.37726377830046e-10 2.78386709898575e-10 2.87604475246117e-10 2.93968431647605e-10 3.59909139054321e-10 5.26285863664336e-10 7.24253038933009e-10 7.99712438117583e-10 6.78019471166992e-10 4.46702180769328e-10 2.43056402351479e-10 1.30415993648427e-10 9.59214405118796e-11 1.01778656423848e-10 1.15784256688013e-10 1.18383787949508e-10 1.04534849013575e-10 8.38825234158876e-11 6.93707408534895e-11 6.20909458596386e-11 5.28530108530437e-11 3.69044256523982e-11
4.98628317424924e-15 2.06732828733035e-14 6.13482191808928e-14 1.31949986083025e-13 2.1797299758697e-13 3.38720318431688e-13 6.62389665820543e-13 1.4695119631688e-12 2.7474004221657e-12 3.813669722238e-12 3.81149265386581e-12 2.72714613436448e-12 1.41900261549615e-12 7.45780571995668e-13 1.65115692297593e-12 7.12601608529132e-12 2.45607856500638e-11 6.37643330565298e-11 1.27074484917088e-10 1.99951171855905e-10 2.56162720932881e-10 2.76463388551028e-10 2.70559384327502e-10 2.88369698817094e-10 3.86267696004046e-10 5.46216264692139e-10 6.50993165432809e-10 5.98198624664407e-10 4.19461252865441e-10 2.33602541758228e-10 1.21403449583385e-10 8.92618911851078e-11 1.08859764775615e-10 1.47754336250349e-10 1.74223944314997e-10 1.6522510064829e-10 1.24991953546542e-10 8.20747564835448e-11 5.73093375385684e-11 4.61840826777245e-11 3.52311473242912e-11
