results/Maxent_Output/Lissotriton_helveticus_kde_bias.asc
NCOLS 100 
NROWS 100 
XLLCORNER 0 
YLLCORNER 0 
CELLSIZE 0.01 
NODATA_value -9999 
[rows 54 to 71 of 100, columns 0 to 40 of 100]
8.72709062866348e-54 1.52984252150791e-50 1.91339209300266e-47 1.70746418403017e-44 1.08721615524339e-41 4.94041873645597e-39 1.60275140517487e-36 3.71587649627611e-34 6.1726426869708e-32 7.39506112325491e-30 6.49328100277251e-28 4.33298323333337e-26 2.34782527997265e-24 1.11376355916511e-22 4.71040620320148e-21 1.67338995734203e-19 4.63352068350271e-18 9.53633504694765e-17 1.42648190989358e-15 1.53635206246911e-14 1.18687358964673e-13 6.56626669581232e-13 2.59966044524767e-12 7.36256755909042e-12 1.49125004462431e-11 2.15978119811986e-11 2.23649518605148e-11 1.65587191214981e-11 8.76709011684212e-12 3.32088541036955e-12 9.00950012499096e-13 1.75516885330522e-13 2.47048846409436e-14 2.54967291278852e-15 1.99516508565264e-16 1.26295074097698e-17 7.37213545741142e-19 9.19604789752342e-19 1.61204256951073e-17 2.0969277820005e-16 1.94628183948897e-15
2.79382279325834e-56 5.58665468512037e-53 7.97304919512106e-50 8.1253240993938e-47 5.92062639900004e-44 3.09481510274674e-41 1.17000890985185e-38 3.26183908138856e-36 6.9892540562587e-34 1.23276133923889e-31 1.90936688630117e-29 2.59535740074202e-27 2.90199955186772e-25 2.49550438509866e-23 1.58545961757326e-21 7.30466296955549e-20 2.42172400647358e-18 5.7594190478477e-17 9.81337261010088e-16 1.19732157907338e-14 1.04578371795952e-13 6.53797055382582e-13 2.92527449741544e-12 9.3665860887597e-12 2.14622616836169e-11 3.5193929026376e-11 4.13070295631643e-11 3.47123206803408e-11 2.08979209716969e-11 9.02259774172242e-12 2.79876293370582e-12 6.25911862244128e-13 1.01655040867761e-13 1.21926604674376e-14 1.1235118170835e-15 8.61810871387185e-17 6.12747650461542e-18 1.37304149289119e-18 2.00960102897266e-17 2.97804904127775e-16 3.15236444599822e-15
6.41687047735422e-59 1.47269106662649e-55 2.43481461423718e-52 2.93968114435378e-49 2.67063381585438e-46 1.92880084823095e-43 1.18558093017142e-40 6.3928532543964e-38 2.90604128454034e-35 1.04039329372041e-32 2.78968630008316e-30 5.4578642611605e-28 7.7017183028164e-26 7.80202597197541e-24 5.66361577002024e-22 2.94418265325365e-20 1.09581355882651e-18 2.92012253352648e-17 5.57155574260307e-16 7.61186234515959e-15 7.44694053958379e-14 5.21770091251186e-13 2.61850394068988e-12 9.41432540244727e-12 2.42565504183019e-11 4.4812663233844e-11 5.94112114670995e-11 5.65988378704545e-11 3.882605523966e-11 1.92421362408852e-11 6.92739479316572e-12 1.82936786810565e-12 3.61186664194441e-13 5.54314597663372e-14 7.09207886605602e-15 8.20367083266266e-16 8.74402856494147e-17 8.75887028177009e-18 1.84374157423459e-17 3.02222150337018e-16 3.64814423733116e-15
1.19216289973044e-61 3.6710733367326e-58 9.4435775112725e-55 2.11680414084727e-51 4.03710872039075e-48 6.14267204710946e-45 7.0584951005934e-42 5.93930467285408e-39 3.60769942029195e-36 1.57248134820379e-33 4.90640647836754e-31 1.09492184583429e-28 1.74715699977691e-26 1.99346130166055e-24 1.62650216290493e-22 9.49154327099382e-21 3.96213871092277e-19 1.18336008669285e-17 2.52925288434788e-16 3.86958447069188e-15 4.23902575662507e-14 3.32636710655935e-13 1.8707435416552e-12 7.54639386991872e-12 2.18599593592709e-11 4.55507844086216e-11 6.84543358064673e-11 7.44769570227841e-11 5.89893430287134e-11 3.42889318469571e-11 1.48028282919963e-11 4.8366321704487e-12 1.23493358780477e-12 2.5944486491481e-13 4.76237548379081e-14 7.81885830815765e-15 1.10039528920702e-15 1.24065386841792e-16 2.18537550159114e-17 2.19750876233969e-16 3.01658799829859e-15
6.90916982923358e-64 4.53716602057991e-60 2.2636096086876e-56 8.29239168032584e-53 2.19466679890639e-49 4.16703742449908e-46 5.65990711226576e-43 5.49318385797987e-40 3.80797892768575e-37 1.88526534819858e-34 6.66599043768283e-32 1.6834592928502e-29 3.03690249751857e-27 3.91383892545386e-25 3.60396759230021e-23 2.37157239741834e-21 1.11546079929102e-19 3.75092493789856e-18 9.02029717796161e-17 1.5519523211499e-15 1.91142595919858e-14 1.68661149800098e-13 1.06753297662172e-12 4.85572797394101e-12 1.59160643368612e-11 3.77492763648355e-11 6.51692520679858e-11 8.25604693700238e-11 7.75661093465637e-11 5.47440677261008e-11 2.94839451265242e-11 1.23774416928911e-11 4.18185775170565e-12 1.18667431885787e-12 2.91971748175654e-13 6.15801684065543e-14 1.05773426583921e-14 1.40029563427246e-15 1.42704072361001e-16 1.23324489257735e-16 1.78270480179656e-15
1.59014171478154e-65 1.32361242943082e-61 7.88018815730178e-58 3.35112343124651e-54 1.01741308989769e-50 2.20482970454711e-47 3.41036198673319e-44 3.76509262448809e-41 2.96697796030308e-38 1.66892410518376e-35 6.70142724153104e-33 1.92103767684045e-30 3.93167039870217e-28 5.74556645058595e-26 5.99590904773733e-24 4.46900052139962e-22 2.37951510403047e-20 9.05345760863964e-19 2.46246848235574e-17 4.79105192073306e-16 6.67445414693416e-15 6.66775681290195e-14 4.78786933992281e-13 2.48012587930932e-12 9.31814967806916e-12 2.55906514190199e-11 5.19046416324416e-11 7.8710762257311e-11 9.03780650708755e-11 7.94824965137317e-11 5.41398705655066e-11 2.90322771457765e-11 1.26035469430669e-11 4.58542720425585e-12 1.42016648374949e-12 3.65365680433884e-13 7.43252260146048e-14 1.14321236511036e-14 1.29369024069579e-15 1.47672157128473e-16 7.58531986431652e-16
3.1550003918962e-67 3.00364563616593e-63 2.04056109102815e-59 9.89214979650833e-56 3.4219347397635e-52 8.4469057951964e-49 1.48790844410587e-45 1.87032533817279e-42 1.6777691465582e-39 1.07407679454557e-36 4.90731038046016e-34 1.60021363869188e-31 3.72448332129092e-29 6.18791845469465e-27 7.33948133124421e-25 6.21590061951259e-23 3.75989028071756e-21 1.62501283182163e-19 5.02147436657519e-18 1.11058285740494e-16 1.76093294691289e-15 2.00708967100361e-14 1.65135363748703e-13 9.86989352414963e-13 4.32421850868019e-12 1.40515208693838e-11 3.43154587716928e-11 6.37363373540932e-11 9.07463041236554e-11 9.94343652645847e-11 8.43034066565533e-11 5.61643293735962e-11 3.02898044337858e-11 1.36441709622027e-11 5.15747441795009e-12 1.58373541326763e-12 3.76980098894483e-13 6.69907600808335e-14 8.68844627246007e-15 8.23754952050916e-16 2.81420476983765e-16
4.51460239541251e-69 4.90016663002302e-65 3.79491220889987e-61 2.09698318787318e-57 8.26787866666406e-54 2.32596690393574e-50 4.66904965654532e-47 6.68767803810739e-44 6.83521369259667e-41 4.98504443902034e-38 2.59441877873575e-35 9.63573362061869e-33 2.55406403604949e-30 4.83197318951028e-28 6.52575676597671e-26 6.29302333459833e-24 4.3349671134902e-22 2.13450967388103e-20 7.52088037915596e-19 1.8996340459607e-17 3.44945669923956e-16 4.52360101409247e-15 4.31387588488333e-14 3.02108033616826e-13 1.57332761930102e-12 6.17635661087307e-12 1.84817800123652e-11 4.23795288228262e-11 7.44166715896079e-11 9.98922006788775e-11 1.03086058063766e-10 8.34925908935161e-11 5.49081744583568e-11 3.01220299611508e-11 1.3695448300555e-11 4.96617431041372e-12 1.37445201406786e-12 2.81273387952024e-13 4.17963567250605e-14 4.4703934087407e-15 3.91043951955247e-16
4.6244802095476e-71 5.72323660323492e-67 5.05367269759231e-63 3.18391207708261e-59 1.43121834065033e-55 4.59033628903148e-52 1.05046277392252e-48 1.71521853498887e-45 1.99833374712282e-42 1.66125689861414e-39 9.85466001590301e-37 4.17164539589316e-34 1.26029949234007e-31 2.71772506028873e-29 4.18417008992313e-27 4.60110502811114e-25 3.61624851294424e-23 2.03369755384229e-21 8.19883859947764e-20 2.37665737656067e-18 4.97744680739138e-17 7.58626883676023e-16 8.50156315372844e-15 7.09679824544299e-14 4.4735735423921e-13 2.15190089831799e-12 7.92706831819781e-12 2.22823621685969e-11 4.74969849420726e-11 7.66744205013499e-11 9.48025856766359e-11 9.23285801171622e-11 7.34568779033905e-11 4.86751046792233e-11 2.63888262897026e-11 1.12217099327656e-11 3.59577695771504e-12 8.45522602485695e-13 1.43802094766317e-13 1.75623225047791e-14 1.54235037062575e-15
3.38762212306572e-73 4.78087759997512e-69 4.81394246537238e-65 3.45840724403353e-61 1.77269968156642e-57 6.48306789538364e-54 1.69167177175863e-50 3.14954248799782e-47 4.18392225765561e-44 3.96587311948075e-41 2.68247966006416e-38 1.29483673733999e-35 4.46106671758794e-33 1.0972736570311e-30 1.9276306737887e-28 2.42028887046789e-26 2.17444776078866e-24 1.40056460611881e-22 6.48766815877025e-21 2.17200546344378e-19 5.29527641157145e-18 9.5011410549847e-17 1.2713847088588e-15 1.28621287298719e-14 9.93528577923055e-14 5.87348853794473e-13 2.64294805009964e-12 8.97108100835548e-12 2.28330544454716e-11 4.37375821274627e-11 6.42619830546006e-11 7.49608176217307e-11 7.19189278605625e-11 5.72457940048663e-11 3.675910639753e-11 1.82342655669831e-11 6.74299124040968e-12 1.81882045041938e-12 3.53758156418965e-13 4.93350569950869e-14 4.92098049425271e-15
1.77389635888758e-75 2.85495770749897e-71 3.27830248598717e-67 2.68582443930189e-63 1.56995612939691e-59 6.54759643755517e-56 1.94834517428726e-52 4.13664121421789e-49 6.26673835357222e-46 6.77438733714396e-43 5.22602897228006e-40 2.87747689592979e-37 1.13109622907023e-34 3.17555314050973e-32 6.37208414442256e-30 9.14965708825968e-28 9.41996394977466e-26 6.97615823284675e-24 3.73531470131685e-22 1.45727408598999e-20 4.18759872782542e-19 8.98304385890105e-18 1.45813435273691e-16 1.80786197962e-15 1.71452850801178e-14 1.23545053950884e-13 6.69178115185233e-13 2.70028015108599e-12 8.10388416460353e-12 1.82800821273274e-11 3.18264655842726e-11 4.44533298561514e-11 5.13386248568889e-11 4.88421908144948e-11 3.69299578472198e-11 2.12762096496997e-11 9.05711057553168e-12 2.79877541942576e-12 6.22141724161525e-13 9.90489238943218e-14 1.12708512074833e-14
6.63846387710996e-78 1.21845938835004e-73 1.59562831257943e-69 1.49084141275328e-65 9.93832466037111e-62 4.72695916713424e-58 1.60415255799983e-54 3.88435045265109e-51 6.71155683561957e-48 8.27559962937405e-45 7.28305024574622e-42 4.57590409508564e-39 2.05342907957263e-36 6.58628705809502e-34 1.51179808586931e-31 2.48842310345894e-29 2.94695688972573e-27 2.52420074749608e-25 1.57621161740136e-23 7.25502123974583e-22 2.49500604810794e-20 6.49744442080934e-19 1.2927944948104e-17 1.96665005546558e-16 2.27008522368826e-15 1.96488658136584e-14 1.2616586606148e-13 5.97843691627476e-13 2.09927978749572e-12 5.55927521102443e-12 1.14758511287388e-11 1.9214575634778e-11 2.66591056942821e-11 3.01591103620541e-11 2.67099542275098e-11 1.78078080690221e-11 8.70888959764321e-12 3.07994651386384e-12 7.82094078905074e-13 1.42112615975328e-13 1.84490068004623e-14
1.77527055749253e-80 3.71610175198794e-76 5.54994546261407e-72 5.91385715230369e-68 4.49612988669991e-64 2.43893959985088e-60 9.43998715759581e-57 2.60719553154929e-53 5.13863504249885e-50 7.22872883912657e-47 7.25991078628631e-44 5.20775551089563e-41 2.67022571004404e-38 9.79879943460588e-36 2.57890634545794e-33 4.88447086658781e-31 6.6935799577891e-29 6.69074595029269e-27 4.9332977675321e-25 2.71995567593108e-23 1.13636677443626e-21 3.62822902473643e-20 8.85329008147229e-19 1.63743761877764e-17 2.26692343896668e-16 2.32158037138018e-15 1.74576924205845e-14 9.63684937001557e-14 3.94456813936773e-13 1.22651288064564e-12 3.00918850339199e-12 6.04708182737114e-12 1.00512670245706e-11 1.34499922555229e-11 1.38869275989938e-11 1.06824295732144e-11 5.99218783354927e-12 2.42340233490661e-12 7.02705652756342e-13 1.45708392740861e-13 2.15787182531395e-14
3.39230573846854e-83 8.09846679399637e-79 1.37940331981102e-74 1.67635251782652e-70 1.45356178155142e-66 8.99311214271105e-63 3.97026205370468e-59 1.25084125747923e-55 2.81273616122798e-52 4.5156269197832e-49 5.17809174571011e-46 4.24445232924614e-43 2.49022720978043e-40 1.04799087340638e-37 3.1746690531589e-35 6.96080518903176e-33 1.11386157240426e-30 1.31570866477533e-28 1.16303622210421e-26 7.79538708682398e-25 3.9938669844881e-23 1.56321859483675e-21 4.63337289249112e-20 1.02657762402072e-18 1.67919234263565e-17 2.01021485521937e-16 1.75585497179039e-15 1.1242417529725e-14 5.36025963983744e-14 1.96140446043173e-13 5.73761777799174e-13 1.38438137603326e-12 2.74639661656373e-12 4.3242920066334e-12 5.18380672951833e-12 4.58967735107058e-12 2.94925559984061e-12 1.36315693738966e-12 4.51232461591123e-13 1.06755581367247e-13 1.80345587590341e-14
4.63177987297542e-86 1.26108816439402e-81 2.44978899951647e-77 3.39551968436164e-73 3.35809407199009e-69 2.36980958633344e-65 1.19346699716485e-61 4.28998398177458e-58 1.10095898538478e-54 2.01819448665332e-51 2.64471364772678e-48 2.48084341785941e-45 1.66950201892946e-42 8.08915181157854e-40 2.83794089694965e-37 7.27030584977534e-35 1.37584387437022e-32 1.94997597298376e-30 2.09685736296793e-28 1.72386110986675e-26 1.08229858812586e-24 5.14143364549824e-23 1.82367520764546e-21 4.76861341449233e-20 9.10589775580646e-19 1.26377428777449e-17 1.27613086334661e-16 9.46244555105164e-16 5.26250879162276e-15 2.27419397991331e-14 7.95611136262233e-14 2.30296806290306e-13 5.42830134459861e-13 1.00069226587278e-12 1.38792794531631e-12 1.41161608335112e-12 1.03807984695601e-12 5.48088488697643e-13 2.07068839290611e-13 5.58906534239734e-14 1.07697901233286e-14
4.51876879960915e-89 1.40318172083255e-84 3.10886977885402e-80 4.91474587635569e-76 5.54415289823454e-72 4.46322249515428e-68 2.56457324605849e-64 1.05210816123673e-60 3.08316369983071e-57 6.45923514089778e-54 9.68750099714009e-51 1.04250233067504e-47 8.07940787222202e-45 4.53559300562916e-42 1.86028444158189e-39 5.64032249766807e-37 1.28176442664128e-34 2.21132393801096e-32 2.91717687597455e-30 2.93781863914502e-28 2.23687795694744e-26 1.27044974665611e-24 5.31324812011143e-23 1.62029422883625e-21 3.58227477787792e-20 5.73508566985204e-19 6.68015231602192e-18 5.7385781301346e-17 3.73342715135492e-16 1.91339572802058e-15 8.02343881315959e-15 2.7800265420188e-14 7.74697290967652e-14 1.66446954866904e-13 2.66322452511491e-13 3.10664666065074e-13 2.61247778990377e-13 1.57506564450446e-13 6.7904334362081e-14 2.09084336757531e-14 4.59543597852955e-15
3.15002686792745e-92 1.1156158394914e-87 2.81920085771576e-83 5.08363923166809e-79 6.54192667631555e-75 6.0089012269571e-71 3.94068807732585e-67 1.84609925531903e-63 6.18317815446548e-60 1.48271275744229e-56 2.55156449171202e-53 3.16304127799364e-50 2.84136197698762e-47 1.86588403489102e-44 9.06434888603773e-42 3.3029537106574e-39 9.14241353902335e-37 1.93529675926243e-34 3.12623757243982e-32 3.8152724278396e-30 3.47005773367411e-28 2.32180708197047e-26 1.13154216442467e-24 3.99149412445038e-23 1.01651916256054e-21 1.87238494131523e-20 2.51469243811457e-19 2.50734270636427e-18 1.91569368753794e-17 1.16921227512582e-16 5.88234762951493e-16 2.43131976177609e-15 7.96936498992171e-15 1.98760638588439e-14 3.66005518043287e-14 4.89063769317263e-14 4.70012903968279e-14 3.23487783341552e-14 1.59123306382809e-14 5.58895625659201e-15 1.40107319495005e-15
1.56905865961539e-95 6.33816854856453e-91 1.82695396872069e-86 3.75817374768046e-82 5.51810515006151e-78 5.7849539389685e-74 4.33242864308623e-70 2.31986581753751e-66 8.89460192028735e-63 2.44774406154953e-59 4.85365223185157e-56 6.97701704037643e-53 7.3359606816973e-50 5.71025180703065e-47 3.33656759523718e-44 1.48177385958126e-41 5.03319018280623e-39 1.30413207474998e-36 2.55098647892995e-34 3.71565317036613e-32 3.97817360316088e-30 3.09970843001952e-28 1.74620843511385e-26 7.08863945107037e-25 2.07357746265131e-23 4.39011863115691e-22 6.80451109900604e-21 7.89800235640136e-20 7.11869524960631e-19 5.19275643849144e-18 3.13267601641589e-17 1.53784290753028e-16 5.90018321111532e-16 1.70231462498375e-15 3.60064473211009e-15 5.50587227799324e-15 6.04434819091796e-15 4.74792381211189e-15 2.66447874392045e-15 1.06748449381594e-15 3.05215890340184e-16
