results/Maxent_Output/Lissotriton_helveticus_kde_bias.asc
NCOLS 100 
NROWS 100 
XLLCORNER 0 
YLLCORNER 0 
CELLSIZE 0.01 
NODATA_value -9999 
[rows 72 to 89 of 100, columns 41 to 81 of 100]
1.10543996223428e-17 1.83612873287564e-18 2.39982397915082e-19 4.37861093362401e-19 5.55875351690266e-18 5.2533371525897e-17 3.5428627134e-16 1.70478948183781e-15 5.85620964803143e-15 1.44447534601957e-14 2.71777704743709e-14 6.0398340267989e-14 3.13725496477488e-13 2.02401054167317e-12 1.00870359996529e-11 3.62917212649626e-11 9.39082871687785e-11 1.75825056913146e-10 2.41909883241363e-10 2.53147305101391e-10 2.15005949051427e-10 1.61200223437459e-10 1.12393765773671e-10 7.48935817854845e-11 5.37151302667276e-11 4.66705337196982e-11 4.19869847041802e-11 3.14389928414485e-11 1.78121985301849e-11 7.44747200407297e-12 2.29674266073653e-12 5.28051909887358e-13 9.24020506855867e-14 1.30459586518523e-14 5.39135053017855e-15 3.10249541166686e-14 1.74118319033367e-13 7.18373299061195e-13 2.20006758677329e-12 5.11232862652676e-12 9.37040562407545e-12
1.40217842210024e-18 2.66951815747365e-19 7.9334584962279e-20 9.24040099580332e-19 1.39099350173594e-17 1.4994966836984e-16 1.15331157043737e-15 6.32882767471855e-15 2.47797517271506e-14 6.92621060432989e-14 1.38976016847409e-13 2.11970313429692e-13 3.72548724726868e-13 1.50958626902119e-12 7.77920135070524e-12 3.1189078692087e-11 9.03625844391293e-11 1.88097626746787e-10 2.82339484431651e-10 3.09077401192679e-10 2.53814893733798e-10 1.66317849612043e-10 9.61605641566206e-11 5.3890218529034e-11 3.11252210311856e-11 2.06044332284809e-11 1.61520962032855e-11 1.23619427803146e-11 7.68001455792985e-12 3.59276728872359e-12 1.24062328404136e-12 3.16126892095256e-13 5.99318365201601e-14 8.60901723851729e-15 1.4086629005424e-15 4.20780237451836e-15 2.65029584796938e-14 1.24849847555517e-13 4.40810234503781e-13 1.21711943471842e-12 2.85067322936092e-12
1.27111115569902e-19 2.92061191047675e-20 6.39924581148804e-20 1.44394245556582e-18 2.48742129241639e-17 3.05816205686369e-16 2.68253537401297e-15 1.67881898548993e-14 7.49615121964512e-14 2.38822242428574e-13 5.43219380759053e-13 8.87602141132873e-13 1.10743017983714e-12 1.61216890527531e-12 5.31360113095787e-12 2.18791739097131e-11 7.01874830625087e-11 1.63242137810105e-10 2.73615627984242e-10 3.31625839270326e-10 2.93909574907034e-10 1.96290736456272e-10 1.06483104232205e-10 5.41800447484548e-11 2.98263882129302e-11 1.81669225273768e-11 1.19473334377351e-11 8.2252151157738e-12 5.33690951152099e-12 2.89785473390339e-12 1.23077649785789e-12 3.98081260708626e-13 9.70728529991166e-14 1.77402253617043e-14 2.45189048707069e-15 6.36979429288467e-16 2.91275918511411e-15 1.57506453188036e-14 6.63669510278253e-14 2.3779083087385e-13 8.20101363798984e-13
8.25670002882422e-21 3.5471908952192e-21 5.90660484216556e-20 1.61723555810245e-18 3.17822016947032e-17 4.45635427465371e-16 4.45808815122551e-15 3.18193130785899e-14 1.62034163366276e-13 5.88708261538481e-13 1.52619686764469e-12 2.82564158467106e-12 3.76817085622013e-12 3.92077933356198e-12 5.17402193177717e-12 1.49916574073671e-11 4.96944201810854e-11 1.26917330655748e-10 2.36078778675646e-10 3.18939160754038e-10 3.15411796978824e-10 2.33868838666142e-10 1.39592372157714e-10 7.96448770571743e-11 5.263849431097e-11 3.87032583902053e-11 2.77605471524479e-11 1.92638982308076e-11 1.30662039439974e-11 8.03483433766554e-12 4.0661005322966e-12 1.59661934088619e-12 4.72968839457281e-13 1.041147925876e-13 1.68563967516697e-14 2.01704160520091e-15 3.99597976618352e-16 1.50111634307385e-15 8.20802742711834e-15 4.41889786576944e-14 2.4080944972399e-13
3.9588022591984e-22 1.04281866449714e-21 4.12295863006673e-20 1.29454666153197e-18 2.9015049970326e-17 4.63984110072557e-16 5.2936600814855e-15 4.3090561979563e-14 2.50254285894994e-13 1.03694329100526e-12 3.06556481058538e-12 6.46728153291275e-12 9.75184840922907e-12 1.06718151398823e-11 9.67908854093939e-12 1.34186576570904e-11 3.70593976115672e-11 1.00648767057113e-10 2.06162280782843e-10 3.08930328614124e-10 3.4072506022434e-10 2.83998360377765e-10 1.93702805398797e-10 1.30344753015582e-10 1.03332508653816e-10 8.81507025419826e-11 6.94437032433879e-11 5.05139517324366e-11 3.5887678969121e-11 2.4044572047766e-11 1.37086930402161e-11 6.15397750823511e-12 2.09238251711937e-12 5.28602275645857e-13 9.80797689926508e-14 1.32564755736488e-14 1.31031589726299e-15 2.06885491065877e-16 9.70104350240987e-16 8.33321729390209e-15 6.47305695119155e-14
1.84329156569392e-23 4.1557383046175e-22 2.0667032410201e-20 7.40416922875511e-19 1.89263510543066e-17 3.45168127039373e-16 4.49125417271836e-15 4.16944007832568e-14 2.7616015505449e-13 1.3050215518912e-12 4.39996902336932e-12 1.05845942916875e-11 1.81741513300059e-11 2.23525816659449e-11 2.03555382193666e-11 1.77067223587005e-11 2.99029789115363e-11 7.95218973983241e-11 1.79537673164565e-10 3.00366028367623e-10 3.69981894955408e-10 3.44048549997164e-10 2.61289978860398e-10 1.94848696143594e-10 1.70134668562395e-10 1.588409624213e-10 1.34482515593624e-10 1.02003642617901e-10 7.49660774907984e-11 5.3775532913611e-11 3.41032032372279e-11 1.73578068044151e-11 6.73401978040957e-12 1.94374613964776e-12 4.11999349406755e-13 6.35779020841768e-14 7.09953712933875e-15 5.79444749416592e-16 1.47801087303726e-16 1.42177273014496e-15 1.38376898797702e-14
1.90812864799588e-24 1.29412066524504e-22 7.40525739946177e-21 3.02579849278695e-19 8.82093543124859e-18 1.83468894367029e-16 2.72259722154663e-15 2.88255434117767e-14 2.17743283904095e-13 1.17350581339487e-12 4.51231506441504e-12 1.23791759430426e-11 2.42328190183854e-11 3.38791062933717e-11 3.41238531488311e-11 2.68067187108756e-11 2.63425142109166e-11 5.56335660616345e-11 1.35107548741693e-10 2.54619459941889e-10 3.53786735961479e-10 3.68921648071373e-10 3.09573178652337e-10 2.46956807059484e-10 2.24541268442625e-10 2.20154301669032e-10 1.96987974284829e-10 1.55180828568173e-10 1.16840673221013e-10 8.83175991444531e-11 6.16506711324757e-11 3.54055620185106e-11 1.56331758127574e-11 5.14660614763581e-12 1.24438240628793e-12 2.1899503140724e-13 2.78801420287357e-14 2.55713683291178e-15 1.80626078951282e-16 1.9904141705635e-16 2.19185504397263e-15
3.22098584808645e-25 2.90296194623516e-23 1.89593114548155e-21 8.83502781439181e-20 2.93742356466862e-18 6.96784339257943e-17 1.17924308936759e-15 1.42390643017628e-14 1.22668404521791e-13 7.53975354247026e-13 3.30639608443164e-12 1.03449186755106e-11 2.30932411713992e-11 3.67904161903012e-11 4.19280935472152e-11 3.49704123820889e-11 2.58409100396328e-11 3.39274707754665e-11 7.97226201751859e-11 1.68377961553876e-10 2.66455281610802e-10 3.1613801466834e-10 2.98915787017837e-10 2.59500763445221e-10 2.43496722801011e-10 2.42939851145259e-10 2.23881166574507e-10 1.81054150699993e-10 1.38382892699777e-10 1.08617750974503e-10 8.25141987772314e-11 5.3126717728885e-11 2.65801623733751e-11 9.94170461594398e-12 2.73232749095658e-12 5.46654002108835e-13 7.91346986809812e-14 8.25382389269191e-15 6.19430830968919e-16 5.22050749096155e-17 2.52089904477301e-16
4.46559908859405e-26 4.65604151951203e-24 3.46825108107553e-22 1.84323210248004e-20 6.98912302976385e-19 1.89076910620219e-17 3.64945037216392e-16 5.02561921021104e-15 4.93770169322016e-14 3.46125244142171e-13 1.73107104285019e-12 6.17689211927681e-12 1.57253990311026e-11 2.85653164297145e-11 3.70481939106478e-11 3.45295506303677e-11 2.4592977774903e-11 2.02233639678543e-11 3.66061911077004e-11 8.34281305501274e-11 1.51497560949486e-10 2.08774377854956e-10 2.30406005438232e-10 2.28363549982994e-10 2.28139309074285e-10 2.28544079177589e-10 2.09584064904369e-10 1.69399627884764e-10 1.29635969869923e-10 1.04654849932654e-10 8.58394360940357e-11 6.14914716200578e-11 3.45609971105488e-11 1.45508599913951e-11 4.50412224378266e-12 1.01576348204668e-12 1.6594892914151e-13 1.95615384600853e-14 1.65881141914075e-15 1.02321742999466e-16 2.49836887185538e-17
4.48193690991411e-27 5.33608410316972e-25 4.533178266725e-23 2.74761772993878e-21 1.18818201867691e-19 3.66591839904259e-18 8.06966979162226e-17 1.26736551710732e-15 1.42010730564834e-14 1.13530771778215e-13 6.4755875784219e-13 2.63522694009758e-12 7.65122447197082e-12 1.58498826868176e-11 2.34305951967831e-11 2.47628763325418e-11 1.90566413131961e-11 1.25772437178305e-11 1.41955185842565e-11 3.12780125901101e-11 6.56305192433577e-11 1.08720354177645e-10 1.47287243501676e-10 1.76414739321118e-10 1.9654483573468e-10 2.00112872702665e-10 1.78098809716949e-10 1.38486540509936e-10 1.03468359904184e-10 8.57014016750802e-11 7.62380407342998e-11 6.05185041378176e-11 3.77378678499994e-11 1.75854627190778e-11 6.018527125378e-12 1.50199059895589e-12 2.72178047229436e-13 3.56984298293801e-14 3.37973566340877e-15 2.30511600953607e-16 1.25021631792862e-17
3.21771818748732e-28 4.36953183923745e-26 4.23349698886553e-24 2.92642079392062e-22 1.44326953784684e-20 5.07845102945598e-19 1.2749355908864e-17 2.28359126615659e-16 2.91824435472668e-15 2.66071334246327e-14 1.7308031461513e-13 8.03286454084084e-13 2.65990803573395e-12 6.28403347025573e-12 1.05927519861427e-11 1.27470012888115e-11 1.10103277424219e-11 7.2106875894937e-12 5.36618141362722e-12 9.45846702625651e-12 2.30386221207912e-11 4.84484621569516e-11 8.51047753075775e-11 1.27689092676329e-10 1.63298652585835e-10 1.73974005852429e-10 1.51837962772889e-10 1.11357604362966e-10 7.82534922430623e-11 6.54978623534885e-11 6.3839956628882e-11 5.64408735211591e-11 3.88222356697051e-11 1.97594193172001e-11 7.34087886186672e-12 1.98324291435888e-12 3.89103579269165e-13 5.53836827196378e-14 5.71253429474952e-15 4.2639977741208e-16 2.30479827757416e-17
1.65073238554517e-29 2.55653370079e-27 2.8248792769468e-25 2.22700615506001e-23 1.25261063415882e-21 5.02671107661839e-20 1.4392124440546e-18 2.93994387453721e-17 4.28475827269045e-16 4.45540065970689e-15 3.3053720986755e-14 1.74955302113344e-13 6.60704226964162e-13 1.78016778814074e-12 3.4221203627488e-12 4.69438458485381e-12 4.60299855811039e-12 3.28593166774786e-12 2.05598548930753e-12 2.60723025114983e-12 7.32526710153105e-12 2.04654246965286e-11 4.72703786320977e-11 8.79750744983616e-11 1.29740462060919e-10 1.49559685404997e-10 1.34126040984001e-10 9.58243639343197e-11 6.19149229181182e-11 4.88385510565639e-11 5.05259282202908e-11 4.97928106960282e-11 3.80816696920027e-11 2.13338502014776e-11 8.64459354698868e-12 2.52840025444172e-12 5.34000980438232e-13 8.15146000625595e-14 9.00172084598775e-15 7.19640848237712e-16 4.16656572024163e-17
6.05080473036648e-31 1.06874065851742e-28 1.34680496774507e-26 1.21090546718686e-24 7.76763701775702e-23 3.55500943638067e-21 1.16082230739411e-19 2.70435614799108e-18 4.49505673120504e-17 5.33064328883446e-16 4.51021472853755e-15 2.72262589249559e-14 1.17260541426807e-13 3.60320676716607e-13 7.89954079948045e-13 1.23569630467953e-12 1.37997121906488e-12 1.10807506088783e-12 7.00476721815471e-13 7.13764270804534e-13 2.27697104437441e-12 8.32078697288536e-12 2.43114702836524e-11 5.45582375023908e-11 9.31308713488243e-11 1.20370720323386e-10 1.17674457175464e-10 8.80127377157707e-11 5.43178580207596e-11 3.65065910101164e-11 3.53324185939525e-11 3.74722294841664e-11 3.20112971652253e-11 2.00582399365183e-11 9.04557659181156e-12 2.92658862385033e-12 6.79357069845804e-13 1.13243077720067e-13 1.35702347194889e-14 1.17049835524159e-15 7.27672615292079e-17
1.58472567239285e-32 3.19225313542212e-30 4.58789749320258e-28 4.70438917603193e-26 3.44164388255027e-24 1.79639472598577e-22 6.68976349827923e-21 1.77743165343642e-19 3.36936614586467e-18 4.55697512743846e-17 4.39722067009925e-16 3.02728296042788e-15 1.4869656310186e-14 5.21101188071005e-14 1.30291801856723e-13 2.32431065627888e-13 2.95911149731743e-13 2.69836263092748e-13 1.86572752223286e-13 1.81803710951322e-13 6.58252723160433e-13 2.99950374126828e-12 1.06873553136497e-11 2.86264556526118e-11 5.74567051882651e-11 8.63463998372205e-11 9.70732465153048e-11 8.18128471482369e-11 5.30719007651353e-11 3.05855686193764e-11 2.2508873842293e-11 2.25391520487627e-11 2.09508372562881e-11 1.47519877115074e-11 7.50364786477025e-12 2.73318804382854e-12 7.11992729009441e-13 1.32664326369115e-13 1.7689937349068e-14 1.68922512026599e-15 1.15610210593633e-16
2.96550906043692e-34 6.81281337173015e-32 1.11667522714805e-29 1.30587143917975e-27 1.08954988121113e-25 6.48585095310416e-24 2.75460900648742e-22 8.3469173725298e-21 1.80453544917579e-19 2.7834144268818e-18 3.06311627103745e-17 2.40503966367293e-16 1.34726850786375e-15 5.38467194750242e-15 1.53545749229599e-14 3.12387617341281e-14 4.53514004003443e-14 4.71004099072946e-14 3.66272773832656e-14 3.81826761998779e-14 1.6077522897181e-13 8.91758872222387e-13 3.8426570269124e-12 1.23943866932587e-11 2.98826319847624e-11 5.37937049016438e-11 7.2103256560967e-11 7.17254939815187e-11 5.30995346590033e-11 3.04517570313378e-11 1.63525844567284e-11 1.17271776318075e-11 1.04522798499005e-11 8.06593053132919e-12 4.63056005889264e-12 1.91247885500628e-12 5.64739481643135e-13 1.19111716965655e-13 1.79438135134309e-14 1.93120374956708e-15 1.48537780238621e-16
3.96504936500263e-36 1.03886673818724e-33 1.94197769190116e-31 2.59001204794814e-29 2.46452077932262e-27 1.67315561985425e-25 8.10425954350635e-24 2.80068005172969e-22 6.90536767409966e-21 1.21473982248588e-19 1.524589355018e-18 1.36519801948023e-17 8.72190936197806e-17 3.9755814196877e-16 1.29289440802796e-15 2.99986328665465e-15 4.96666310527468e-15 5.88024416218913e-15 5.19633366630223e-15 6.18556107386785e-15 3.16108825787208e-14 2.14096226962068e-13 1.12541145625534e-12 4.43088986622603e-12 1.30223631232443e-11 2.84563547758262e-11 4.59827426960952e-11 5.46259329371127e-11 4.75102756967376e-11 3.04042157254466e-11 1.50364495641696e-11 7.07334203182661e-12 4.43098158920238e-12 3.30146912297668e-12 2.08324498016974e-12 9.73136632329221e-13 3.26665721528501e-13 7.83590953807388e-14 1.34185436346722e-14 1.64023830285132e-15 1.43129573136446e-16
3.78793154291981e-38 1.13187213986366e-35 2.41304694575862e-33 3.67034868550573e-31 3.98310752184535e-29 3.08396817789454e-27 1.70361281567328e-25 6.71436677630862e-24 1.88804515246543e-22 3.78785062039959e-21 5.42183707975671e-20 5.53698357871708e-19 4.03434616997699e-18 2.09723088493065e-17 7.77844179993825e-17 2.05832755362873e-16 3.88648112927172e-16 5.24743993504483e-16 5.30016468145364e-16 7.6218868403056e-16 4.99489645848295e-15 4.18418704444531e-14 2.70576762119999e-13 1.306156435331e-12 4.67624716356305e-12 1.23375127813347e-11 2.38340247178856e-11 3.35198033920383e-11 3.41643475068704e-11 2.51886014598622e-11 1.35414981851162e-11 5.59917603512576e-12 2.20134240181726e-12 1.14365844120225e-12 6.97184818856103e-13 3.58173632154536e-13 1.36096961428929e-13 3.71533605350615e-14 7.24648365410286e-15 1.0087800837895e-15 1.00216323276108e-16
2.58559097996385e-40 8.81128154413939e-38 2.14235523463397e-35 3.71635372756666e-33 4.59955435411839e-31 4.06151086272454e-29 2.55877815983201e-27 1.15014025382791e-25 3.68843491463885e-24 8.4393033437573e-23 1.37766689646169e-21 1.60455645078507e-20 1.33333393125377e-19 7.90489344001761e-19 3.34369281407683e-18 1.00909520774916e-17 2.1729981725547e-17 3.34682405141907e-17 3.88877635928569e-17 7.25373332585107e-17 6.43268742224932e-16 6.70029839485675e-15 5.31163188125134e-14 3.1137796779634e-13 1.33956135974574e-12 4.2025286214913e-12 9.56346026504206e-12 1.57190833696807e-11 1.86017184470272e-11 1.58158554956215e-11 9.66406089401027e-12 4.28519366067873e-12 1.45590913700404e-12 4.68089587276526e-13 1.97703532035413e-13 9.78896785141125e-14 4.08901228850247e-14 1.2638289192347e-14 2.8065891016622e-15 4.45276850795646e-16 5.04180859561635e-17
