results/Maxent_Output/Rana_temporaria_kde_bias.asc
NCOLS 100 
NROWS 100 
XLLCORNER 0 
YLLCORNER 0 
CELLSIZE 0.01 
NODATA_value -9999 
[rows 72 to 89 of 100, columns 0 to 40 of 100]
2.05608473417151e-104 1.58597323058274e-99 8.98464614950072e-95 3.70899592150578e-90 1.10595889030952e-85 2.36355287572574e-81 3.59968981547305e-77 3.89462385372259e-73 2.99207708808667e-69 1.63639112765255e-65 6.40893539979335e-62 1.81492214315129e-58 3.76416856483774e-55 5.79588189987516e-52 6.69143852673707e-49 5.80340127677006e-46 3.7539725312298e-43 1.78774178450605e-40 6.18039240579431e-38 1.53270610572062e-35 2.70317754283949e-33 3.37129913082067e-31 2.96319040729132e-29 1.83245680610242e-27 7.9705634156943e-26 2.4411425330739e-24 5.27956895339785e-23 8.10970055896532e-22 8.94304723529427e-21 7.22020689333609e-20 4.41512506860731e-19 2.15322829045856e-18 8.89885833148362e-18 3.33288081772988e-17 1.39455631388673e-16 9.87032569061494e-16 9.44215915397017e-15 7.60850353928278e-14 4.46885206437573e-13 1.86988853275634e-12 5.57374240302553e-12
2.65114840693122e-108 2.55793435881799e-103 1.78697835076655e-98 8.96319250608958e-94 3.20638416991368e-89 8.14427697035257e-85 1.46580545207994e-80 1.87006485566811e-76 1.69648876565402e-72 1.10130695613049e-68 5.16684079091386e-65 1.77470726825603e-61 4.52419985142596e-58 8.64556303441711e-55 1.24081965577885e-51 1.3279788807871e-48 1.04622060178651e-45 5.98290974179732e-43 2.45411490117589e-40 7.15811299372922e-38 1.47613155168454e-35 2.14459859063052e-33 2.1909150295704e-31 1.57268329609668e-29 7.93448997202515e-28 2.81768432418286e-26 7.06522123005323e-25 1.25833043971543e-23 1.60917685601885e-22 1.50662796620808e-21 1.06797975058458e-20 6.03952042451401e-20 2.95014192227473e-19 1.54110940659899e-18 1.43690814161228e-17 2.12576201892135e-16 2.77904342749779e-15 2.65216280669107e-14 1.79187955242786e-13 8.54722592485118e-13 2.88476284000765e-12
2.76152333206405e-112 3.25081974112935e-107 2.73308650798186e-102 1.63219104444468e-97 6.90121272101121e-93 2.06356821970612e-88 4.36828191163238e-84 6.56988004779851e-80 7.06706833707692e-76 5.49203430500498e-72 3.12397642227283e-68 1.31857910611478e-64 4.17111023452187e-61 9.90768818631666e-58 1.75461625141838e-54 2.28708156491935e-51 2.16368877963325e-48 1.46813454952071e-45 7.08303974542623e-43 2.41569105769836e-40 5.8032064943752e-38 9.7994318275055e-36 1.16200216577239e-33 9.67424300465906e-32 5.6587277897712e-30 2.3294657372241e-28 6.77138429240054e-27 1.39837756548676e-25 2.07416714382946e-24 2.25308299589399e-23 1.85391310691807e-22 1.2278720650526e-21 7.78952359503385e-21 8.43766011755564e-20 1.83087531872363e-18 3.88436540397602e-17 6.08210564929501e-16 6.72962336560442e-15 5.23426462013042e-14 2.86315566294746e-13 1.1033956778114e-12
2.22725150421417e-116 3.12946399987251e-111 3.11340539299745e-106 2.18816667367133e-101 1.08599710453522e-96 3.81211170903419e-92 9.50168056214156e-88 1.69321945895888e-83 2.17942787251113e-79 2.05299120054509e-75 1.43481374009234e-71 7.51416012237252e-68 2.95433241141824e-64 8.65860179927326e-61 1.86749700419537e-57 2.92305394369046e-54 3.28121835241432e-51 2.61868590042523e-48 1.47727210778527e-45 5.8692793657859e-43 1.63878212476308e-40 3.21197199034305e-38 4.41726382043509e-36 4.26338216642321e-34 2.89045959672784e-32 1.37915599014701e-30 4.64739880881636e-29 1.11292109958855e-27 1.91505607616924e-26 2.41489716717912e-25 2.31573754733072e-24 1.88005333106999e-23 2.12906637972826e-22 6.03505477572249e-21 2.04933745012304e-19 5.28020439659963e-18 9.6269911302696e-17 1.2318250486703e-15 1.10551916633828e-14 6.9634318811132e-14 3.08188312741926e-13
1.34352359970588e-120 2.22306318773432e-115 2.59426312506361e-110 2.13554900236078e-105 1.24250161894182e-100 5.13100153105469e-96 1.51454535199108e-91 3.22866696366838e-87 5.03669577353109e-83 5.82902599107561e-79 5.05437514606603e-75 3.28970589737955e-71 1.59578190899601e-67 5.69561706031592e-64 1.47508553302041e-60 2.73952264977974e-57 3.61702200412837e-54 3.37540032409135e-51 2.21823222293342e-48 1.02433215464163e-45 3.31963543137674e-43 7.54579917405997e-41 1.20297345075684e-38 1.34564417282059e-36 1.05728232305378e-34 5.8468306319195e-33 2.28400225256337e-31 6.34302188178222e-30 1.2665416383758e-28 1.85671115631501e-27 2.11225896123496e-26 2.54200104842999e-25 7.79660088043994e-24 4.06600534840833e-22 1.72080814954559e-20 5.18159833074806e-19 1.09474414843244e-17 1.62055248216818e-16 1.68097944393804e-15 1.2223724441761e-14 6.23567366714996e-14
5.93708146169153e-125 1.14947657196909e-119 1.56861564548183e-114 1.51221391815232e-109 1.03444069768741e-104 5.05721169206232e-100 1.78547365589766e-95 4.6128462567845e-91 8.84089570295497e-87 1.26941048529619e-82 1.36789843800332e-78 1.09836347225831e-74 6.48796732590838e-71 2.78046507404565e-67 8.54402547267234e-64 1.86635244543582e-60 2.88134570412534e-57 3.13238505826184e-54 2.39258197191868e-51 1.28236593012519e-48 4.81969865470565e-46 1.26996282860324e-43 2.34634030021571e-41 3.04138764788346e-39 2.76915801944522e-37 1.77480929955329e-35 8.0374985596805e-34 2.58888982001866e-32 6.00158251296927e-31 1.02904200199048e-29 1.51038914845669e-28 4.21926372396727e-27 3.04624062199303e-25 2.09906119109919e-23 1.04420417597702e-21 3.64787572223578e-20 8.92589561804524e-19 1.52947048113016e-17 1.8355721167446e-16 1.5433313542125e-15 9.09446038707107e-15
1.90270445335008e-129 4.30272071317085e-124 6.8714349448793e-119 7.78518723421004e-114 6.3033853721409e-109 3.68567110010956e-104 1.57704979931497e-99 5.00595411356585e-95 1.19035002448578e-90 2.1239233294072e-86 2.82327225348099e-82 2.76025340121448e-78 1.95758585872946e-74 9.9535621077245e-71 3.59738769182602e-67 9.18840694559178e-64 1.6525213852659e-60 2.08803254355445e-57 1.85114308469954e-54 1.15064358596883e-51 5.01300364933223e-49 1.53074916110922e-46 3.27705985560807e-44 4.92192697039425e-42 5.19291377099452e-40 3.85736800860662e-38 2.02523014817953e-36 7.56734529851904e-35 2.04064924782057e-33 4.21688877884874e-32 1.08082795885601e-30 8.79816968843542e-29 9.61072887088899e-27 7.88680669816081e-25 4.55768861609679e-23 1.84488311698929e-21 5.22843426953033e-20 1.03743036681121e-18 1.44136389634168e-17 1.40243556871683e-16 9.55840958647298e-16
4.40667819980068e-134 1.16560288264907e-128 2.18706651088804e-123 2.93258981807649e-118 2.83988121767986e-113 2.01263905701991e-108 1.05818027055021e-103 4.16750876870149e-99 1.23140729362179e-94 2.71007589367376e-90 4.38578939262846e-86 5.14768148211705e-82 4.3311700616958e-78 2.59007021622694e-74 1.09454906337293e-70 3.25680051693136e-67 6.80782482465597e-64 9.98412368564654e-61 1.02652073466393e-57 7.39630287776886e-55 3.73421250639003e-52 1.32120403649247e-49 3.27711737463967e-47 5.7028770797049e-45 6.9721247588741e-43 6.00246159071032e-41 3.6539631478187e-39 1.58505767388257e-37 5.03365554516048e-36 1.49166204222969e-34 1.19342910812997e-32 1.97041427876581e-30 2.65681267447056e-28 2.53715551008204e-26 1.69768293005072e-24 7.95286782158249e-23 2.60809683967809e-21 5.98780956937238e-20 9.62451333755578e-19 1.08315145320428e-17 8.53586538840698e-17
7.38052029817504e-139 2.29330605317986e-133 5.09248029787961e-128 8.16760533506434e-123 9.58789101498943e-118 8.35040548077369e-113 5.44752801631626e-108 2.66583133006224e-103 9.71449967246197e-99 2.60250557951207e-94 5.05562691177981e-90 7.03924633179098e-86 6.96543429137283e-82 4.87034085984727e-78 2.39762872337899e-74 8.29177228733414e-71 2.01176144973732e-67 3.42163416089271e-64 4.0779010082766e-61 3.40492269339397e-58 1.99181069635914e-55 8.16477211220949e-53 2.34631973985602e-50 4.73077550632106e-48 6.70199103612364e-46 6.68862264246843e-44 4.73623323713488e-42 2.52666222491924e-40 1.86742418036306e-38 4.85209030764321e-36 1.49000803073244e-33 3.34206820090369e-31 5.26215800528863e-29 5.80162724465706e-27 4.47819400019988e-25 2.42003707362859e-23 9.15612806667993e-22 2.42537057382418e-20 4.49807922593021e-19 5.84071451842937e-18 5.31010252308555e-17
8.97537796617726e-144 3.30063452168366e-138 8.76784715836189e-133 1.70494719137092e-127 2.45993869581949e-122 2.65849552510286e-117 2.15487562492897e-112 1.30034419493795e-107 5.76723383039743e-103 1.8543699565725e-98 4.27292799375073e-94 6.99648895976313e-90 8.09456902866407e-86 6.59322354345614e-82 3.77248998187491e-78 1.51427839461288e-74 4.26080184033363e-71 8.40029140360045e-68 1.16016610437246e-64 1.1223889155072e-61 7.60677073971144e-59 3.61243314468226e-56 1.20269968946132e-53 2.81002505691356e-51 4.62670222753783e-49 5.65529108332227e-47 9.3419062978125e-45 5.65520965448899e-42 4.11377132382042e-39 2.182736943418e-36 8.12703935533376e-34 2.1188045848135e-31 3.86747743422012e-29 4.94248250465439e-27 4.42230290810666e-25 2.77040872318477e-23 1.21517141671561e-21 3.73195337388365e-20 8.02503183499901e-19 1.20830464536613e-17 1.27389256174154e-16
7.98449949487871e-149 3.51308900846812e-143 1.13168185915155e-137 2.70522970470232e-132 4.84371669657202e-127 6.50371070584946e-122 6.4995608893638e-117 4.77268389200174e-112 2.54016337132008e-107 9.68697680402849e-103 2.62476936479272e-98 5.02482418121019e-94 6.77203982191277e-90 6.41103965042172e-86 4.2576587425426e-82 1.98201125243173e-78 6.46456053396295e-75 1.47694874162568e-71 2.36343066732176e-68 2.64897720303287e-65 2.07985047146269e-62 1.14442239956682e-59 4.42655434384846e-57 1.26306537307749e-54 4.7842430204239e-52 6.75276958889196e-49 1.16178236028616e-45 1.4584079626408e-42 1.28462624027382e-39 7.92331382194058e-37 3.42157346636381e-34 1.03451589083885e-31 2.19001416919275e-29 3.24609901299852e-27 3.3689037708482e-25 2.44813118240554e-23 1.24568300501236e-21 4.4382832320944e-20 1.10729990665334e-18 1.93449116371803e-17 2.36661841414923e-16
5.25386350207056e-154 2.8038774734423e-148 1.11055988006605e-142 3.29473939990811e-137 7.32893492963967e-132 1.21307237368794e-126 1.47490659184367e-121 1.29944238297712e-116 8.2016157675831e-112 3.67760870233e-107 1.16499536603229e-102 2.59794093251887e-98 4.06938608633183e-94 4.47145975605607e-90 3.44389909125393e-86 1.85838072362527e-82 7.0241309633377e-79 1.85939437945348e-75 3.4471709461758e-72 4.47657470497839e-69 4.08241163857965e-66 2.73434475873272e-63 2.3703847779626e-60 7.71733869758187e-57 3.13466084198589e-53 9.308679961353e-50 1.93986050254266e-46 2.83072166024847e-43 2.89217814952686e-40 2.06898882763147e-37 1.03634240865382e-34 3.63469220066865e-32 8.92603918345036e-30 1.53491583625332e-27 1.84821771276893e-25 1.55837845228944e-23 9.20137543819816e-22 3.80453549315939e-20 1.10161274279915e-18 2.23380012698943e-17 3.17217845913379e-16
2.59305192582955e-159 1.70189597924257e-153 8.36674360874148e-148 3.08356162471074e-142 8.45387628610936e-137 1.70200527528618e-131 2.48238442043235e-126 2.59325132638955e-121 1.92436765984668e-116 1.00875982852929e-111 3.722291077319e-107 9.647425381429e-103 1.75396662092071e-98 2.2351224574193e-94 1.99550711268728e-90 1.24785699863365e-86 5.46486719300841e-83 1.67619421092599e-79 3.6087702191401e-76 5.68577559278172e-73 1.12752050155799e-69 8.42405482507992e-66 8.07186807266875e-62 5.6703222952973e-58 2.79573837345606e-54 9.6526145962614e-51 2.33350237154822e-47 3.94994385017416e-44 4.68166561733122e-41 3.88547836019652e-38 2.25803872797914e-35 9.18902702874286e-33 2.61859110103005e-30 5.22558509484351e-28 7.30265173010258e-26 7.14684412348951e-24 4.89830673375075e-22 2.35117918403511e-20 7.90394528428101e-19 1.86093469795123e-17 3.06872586294619e-16
9.73582616691447e-165 7.9319271997682e-159 4.84382302959104e-153 2.19979043814398e-147 7.33398349830469e-142 1.77086114108353e-136 3.06203197810962e-131 3.76048553721508e-126 3.2620918224019e-121 1.9918040295675e-116 8.54199214282091e-112 2.56961900684956e-107 5.4179972463187e-103 8.0033460120831e-99 8.2804816672818e-95 6.00031177161177e-91 3.05127415597131e-87 1.13186280448512e-83 5.13597034035395e-80 8.78038340514525e-76 1.98380801178189e-71 3.29669788065313e-67 3.84591531311654e-63 3.14193771314985e-59 1.79731914075646e-55 7.19925604289719e-52 2.0192627871907e-48 3.96596905102057e-45 5.45463659230989e-42 5.25353229489817e-39 3.5433612010794e-36 1.67366104021827e-33 5.53627355251406e-31 1.28255401677611e-28 2.08090494607455e-26 2.364600831716e-24 1.88192881533779e-22 1.04905724923667e-20 4.0959705358636e-19 1.12017831842593e-17 2.14585958880493e-16
2.80725540319918e-170 2.84079439559645e-164 2.13723874171225e-158 1.18002174220263e-152 4.71726851053124e-147 1.35014681159456e-141 2.74421851358854e-136 3.93943922637234e-131 3.98036204154598e-126 2.82459371957689e-121 1.40596535020839e-116 4.90506413867345e-112 1.19886835882919e-107 2.05249766135946e-103 2.46565738830096e-99 2.15436579512607e-95 2.23829802080663e-91 8.73847638197719e-87 4.65386194112932e-82 1.82959923913231e-77 5.05052604617192e-73 9.76369076816048e-69 1.32171371865724e-64 1.25288786945026e-60 8.31662361104284e-57 3.8659032382089e-53 1.25844243078731e-49 2.86882326778378e-46 4.58007084466398e-43 5.1209282807837e-40 4.00999333786361e-37 2.19921472016821e-34 8.44756188225363e-32 2.27271919600675e-29 4.28274111806368e-27 5.65289055204848e-25 5.22640593302747e-23 3.38478110439738e-21 1.53554993334583e-19 4.87993578533842e-18 1.08640513944028e-16
6.22013112185362e-176 7.75285093038856e-170 7.08924331439128e-164 4.69218149336203e-158 2.22302844297043e-152 7.47822066751421e-147 1.7765926258742e-141 2.97045644000515e-136 3.48807945967823e-131 2.87291613135212e-126 1.65845632535676e-121 6.70768937543406e-117 1.9035889598621e-112 3.91874814720173e-108 9.32984289197936e-104 8.30470024940863e-99 1.04224646666936e-93 9.69386947531552e-89 6.33240682319301e-84 2.89706587203502e-79 9.28135473263665e-75 2.08225370332762e-70 3.27140542962388e-66 3.59934248185297e-62 2.77338358228825e-58 1.4965967977246e-54 5.65611393856278e-51 1.49713346872456e-47 2.77550913730508e-44 3.60392264631387e-41 3.2777053651303e-38 2.08803166898992e-35 9.31725678798124e-33 2.91228547603912e-30 6.37654951861282e-28 9.7803488128581e-26 1.05087364102514e-23 7.91014977723076e-22 4.17125931079873e-20 1.54101838942182e-18 3.98855948902498e-17
1.05001901869158e-181 1.59022516994982e-175 1.74270942259351e-169 1.36674897718637e-163 7.60972547858774e-158 2.99186738373185e-152 8.27816033657528e-147 1.60855302553083e-141 2.19230032363366e-136 2.09428621609439e-131 1.40394498476357e-126 6.81056276963847e-122 3.71920333500075e-117 7.53761211352064e-112 2.22859698265727e-106 4.90418394809299e-101 7.58163413694772e-96 8.20917667097696e-91 6.22470089097732e-86 3.30541231008595e-81 1.22922327418744e-76 3.20143006716864e-72 5.8395010048312e-68 7.45995992419548e-64 6.67478114834394e-60 4.18300353144792e-56 1.83612012452638e-52 5.64529544211089e-49 1.21578304231237e-45 1.83408893391782e-42 1.93816443270596e-39 1.4347547479788e-36 7.44033133161117e-34 2.7029931255167e-31 6.879325946185e-29 1.22660573019188e-26 1.53225736544855e-24 1.34101944772861e-22 8.22287222969745e-21 3.53268576373689e-19 1.06337568639894e-17
1.33185105034043e-187 2.41673682609952e-181 3.13761434735393e-175 2.89146232996568e-169 1.88141273012705e-163 8.61470503814045e-158 2.77006608076414e-152 6.24774830628953e-147 9.89153762038065e-142 1.13080816811628e-136 1.41787629485422e-131 6.53477672598935e-126 4.55054407406732e-120 2.36937431678332e-114 8.6694196471353e-109 2.22183302772723e-103 3.98781231180974e-98 5.01263771612678e-93 4.41282205731031e-88 2.72079336156815e-83 1.1749367545555e-78 3.55372724089709e-74 7.52861968692234e-70 1.11717024244729e-65 1.16120042968298e-61 8.45453889562762e-58 4.31199841174667e-54 1.54057940210906e-50 3.85582347224404e-47 6.76064707665036e-44 8.30438881410716e-41 7.14636586990751e-38 4.30854319379295e-35 1.81991997252525e-32 5.38591188386929e-30 1.11675833267391e-27 1.62240552159708e-25 1.65145385490758e-23 1.17783945263898e-21 5.88604263214652e-20 2.06102167337063e-18
