results/Maxent_Output/Rana_temporaria_kde_bias.asc
NCOLS 100 
NROWS 100 
XLLCORNER 0 
YLLCORNER 0 
CELLSIZE 0.01 
NODATA_value -9999 
[rows 18 to 35 of 100, columns 0 to 40 of 100]
3.58971709916592e-12 4.78098501072384e-12 6.3347997364244e-12 1.15333947891735e-11 2.37875544631023e-11 4.01406230313287e-11 4.93966024068355e-11 4.32791827670542e-11 2.73961075832019e-11 1.40668425488615e-11 8.58925409423885e-12 7.88977626966956e-12 8.07676004886096e-12 9.28011613510186e-12 1.36450348133846e-11 2.01167670123298e-11 2.37417965882449e-11 2.16617538954906e-11 1.72067362977692e-11 1.58320721293868e-11 1.85218915781777e-11 2.06712727789403e-11 1.80916840686556e-11 1.28050533478522e-11 1.06325796453695e-11 1.49016722870096e-11 2.46550231033109e-11 3.67510660100655e-11 4.6921070778226e-11 5.03032004986068e-11 4.55757235597597e-11 3.86818911164436e-11 3.78598155648986e-11 4.41182991200333e-11 4.96574116941817e-11 4.6720334114802e-11 3.60377522717984e-11 2.48603756020957e-11 1.96023546280869e-11 2.45462017532421e-11 4.51910171015954e-11
5.94212594212052e-12 8.62174039630673e-12 1.00688320015709e-11 1.18620293065283e-11 1.73731380947219e-11 2.73756268945397e-11 3.63713574823039e-11 3.64111280532091e-11 2.68281085950195e-11 1.57683984931166e-11 1.04208275653164e-11 1.04466394969678e-11 1.12993662808164e-11 1.05851649153778e-11 9.97386764844493e-12 1.16134319179727e-11 1.46753808659522e-11 1.67013780464816e-11 1.72464772137151e-11 1.87872088062522e-11 2.33447003449795e-11 2.80687905304595e-11 2.72357819324243e-11 2.05215526392889e-11 1.48683964434049e-11 1.66627024545013e-11 2.58472884867281e-11 3.76809087940447e-11 4.69965735814948e-11 5.0024408760168e-11 4.57648241187528e-11 3.82808104556021e-11 3.4440771267185e-11 3.71630083419208e-11 4.26346852703731e-11 4.43459494039664e-11 3.94208969255313e-11 3.12012001230385e-11 2.56964999518085e-11 2.87190558617357e-11 4.77322628941112e-11
7.48124578235109e-12 1.24703454473025e-11 1.62986905546304e-11 1.88584748150174e-11 2.23398900666266e-11 2.83242478188371e-11 3.49747744590522e-11 3.69827653782135e-11 3.09012454629892e-11 2.09952984277208e-11 1.54362678932749e-11 1.70317863148727e-11 2.09136607425043e-11 2.09522437087213e-11 1.65265831523787e-11 1.18897493686756e-11 1.05983966975055e-11 1.2708367474775e-11 1.628147483536e-11 2.03232297503865e-11 2.57738734517171e-11 3.18233823679749e-11 3.33417655534147e-11 2.72903012984849e-11 1.90485597605173e-11 1.71022507538876e-11 2.40539403813577e-11 3.53425732867485e-11 4.43976350997809e-11 4.71353775339814e-11 4.31708194831492e-11 3.61066841967566e-11 3.15654988869836e-11 3.21831398528432e-11 3.58281373808414e-11 3.84751817314786e-11 3.71770209233285e-11 3.2296498292139e-11 2.75233686079487e-11 2.79298982993884e-11 4.0640398178474e-11
7.73313952846516e-12 1.45916190226266e-11 2.18964457072e-11 2.86384723168004e-11 3.52893576988137e-11 4.17069912188265e-11 4.65996392055647e-11 4.76473802021472e-11 4.19608151996548e-11 3.12109108763231e-11 2.38495417049211e-11 2.67172953513713e-11 3.63556570052739e-11 4.19071469162525e-11 3.68029997073148e-11 2.50284824489532e-11 1.5145652142846e-11 1.19303531427206e-11 1.45642502401671e-11 1.99537408142745e-11 2.65713459711213e-11 3.3719502062141e-11 3.75007730226383e-11 3.34794933948751e-11 2.43522926815649e-11 1.86463232812212e-11 2.14603128499779e-11 3.02404385750059e-11 3.86700374379345e-11 4.21620451569479e-11 3.98354314720422e-11 3.43562579599245e-11 3.05856141797128e-11 3.10848512937749e-11 3.35661328790995e-11 3.46513956648538e-11 3.3128922365933e-11 2.94682453578509e-11 2.53845574279329e-11 2.36788534916075e-11 2.90938114748096e-11
7.62672116196865e-12 1.56054011357073e-11 2.57662303962497e-11 3.72437583444193e-11 4.94980009975452e-11 5.96817834277813e-11 6.40460752296906e-11 6.20200317823489e-11 5.44074193914962e-11 4.2640099619212e-11 3.36537619776866e-11 3.72437226816467e-11 5.41405442928724e-11 7.08746689009929e-11 7.15601401331073e-11 5.45084359766267e-11 3.23004780788596e-11 1.74804039249655e-11 1.35816670479838e-11 1.75032828957358e-11 2.55229503500398e-11 3.52667579362839e-11 4.26543653890517e-11 4.2285790247433e-11 3.44064129348897e-11 2.64762479983557e-11 2.48945071052415e-11 2.89674335883348e-11 3.39203229494946e-11 3.65271670389085e-11 3.63142266085385e-11 3.43078321822816e-11 3.33591732684257e-11 3.60347561620033e-11 3.99485526276493e-11 4.0071635897272e-11 3.55743187100035e-11 2.95132788396853e-11 2.42621458836817e-11 2.06465781768811e-11 2.02926769396606e-11
7.73370254177798e-12 1.68070239334186e-11 2.91392905833453e-11 4.37342303520499e-11 5.9871947879798e-11 7.35089310016784e-11 7.8036890276988e-11 7.22464908075393e-11 6.10897399910857e-11 4.88577914485085e-11 4.02837121606867e-11 4.44198098577316e-11 6.67558024525765e-11 9.66231361803003e-11 1.10680222395893e-10 9.57184386576277e-11 6.2531349316491e-11 3.21959813467157e-11 1.64632992636568e-11 1.47870848278978e-11 2.22657526668857e-11 3.46624539455733e-11 4.70460631942303e-11 5.31352864972941e-11 5.06939133272988e-11 4.48606633192347e-11 4.17753904399075e-11 4.13277471767123e-11 3.96667809957361e-11 3.63480319977633e-11 3.44721962904674e-11 3.54504491153879e-11 3.90125172262731e-11 4.60104140137875e-11 5.44477587997473e-11 5.71345763878995e-11 5.05017998617153e-11 3.9524815013882e-11 3.01049874537787e-11 2.34147054104248e-11 1.86973317931806e-11
7.19605417078411e-12 1.70213345554457e-11 3.11588311715592e-11 4.75566861483267e-11 6.45987151774524e-11 7.85672317088097e-11 8.25285169299217e-11 7.41341160944057e-11 5.99429185914485e-11 4.75298193939709e-11 4.06870750175437e-11 4.48079821179359e-11 6.7015860454841e-11 1.03582103308257e-10 1.32129047744131e-10 1.28832555088481e-10 9.44835709790571e-11 5.26045416019954e-11 2.41492373225546e-11 1.4138010799755e-11 1.80533448931716e-11 3.03839830074387e-11 4.60521173192968e-11 5.95607046663433e-11 6.74728702564726e-11 7.10740166055027e-11 7.31564117212946e-11 7.21267317688927e-11 6.35767002679706e-11 4.92548334447291e-11 3.83556114806806e-11 3.71132262131139e-11 4.3809409542187e-11 5.53438996505531e-11 6.9171055435822e-11 7.7645483506584e-11 7.31183135668612e-11 5.87792141239919e-11 4.38545583369402e-11 3.25361889379729e-11 2.38600009625364e-11
5.33921393283654e-12 1.41539712783945e-11 2.82897302637442e-11 4.52733807670009e-11 6.19120032398043e-11 7.4408993618421e-11 7.72322492165947e-11 6.83683843522656e-11 5.39961118033753e-11 4.23628071848472e-11 3.68857969550742e-11 3.95138346370056e-11 5.55244490951737e-11 8.69570024935815e-11 1.20297792437054e-10 1.30827603492812e-10 1.07713382467749e-10 6.67939803452893e-11 3.22902764017248e-11 1.55511077855846e-11 1.4664294010151e-11 2.40029452822342e-11 3.89870831559635e-11 5.65180424517532e-11 7.49297614489975e-11 9.29050326168803e-11 1.07410915805733e-10 1.12408829944769e-10 1.0129160854867e-10 7.58462941437736e-11 5.04528526721778e-11 3.95114558904613e-11 4.45116299279321e-11 5.87547440420278e-11 7.65229191955427e-11 9.05687773503198e-11 9.14369127224681e-11 7.82136358707336e-11 5.99898567827399e-11 4.41843123520796e-11 3.19280985121141e-11
2.94933877771546e-12 8.91801753887847e-12 2.00149054048902e-11 3.49790147211841e-11 5.03799764882948e-11 6.19446141118146e-11 6.5004312271252e-11 5.8337567933636e-11 4.7411696417159e-11 3.88866842222966e-11 3.45048071697706e-11 3.40874826657046e-11 4.08576597628524e-11 5.90051220950444e-11 8.42077315569912e-11 1.00060408130428e-10 9.19077086227302e-11 6.38736303491871e-11 3.42871614184105e-11 1.68361464693677e-11 1.30878940345136e-11 1.87148911702459e-11 3.00136104225115e-11 4.61108979576387e-11 6.84191602985013e-11 9.65379051308406e-11 1.23848471829591e-10 1.39140349872192e-10 1.32476643291509e-10 1.03280274338787e-10 6.64467619804159e-11 4.2784050193039e-11 4.10701170515455e-11 5.57145640505897e-11 7.73457093495935e-11 9.66890877414861e-11 1.03683638088513e-10 9.4489919717646e-11 7.57566731954898e-11 5.6339036265556e-11 4.05670654588828e-11
1.18561015638718e-12 4.13493585339915e-12 1.06356436665171e-11 2.10137153148882e-11 3.3457407477975e-11 4.43234468071612e-11 4.92066902994585e-11 4.67856531285859e-11 4.17415334856986e-11 3.90150887661714e-11 3.7445387083518e-11 3.43448883633637e-11 3.22839941095758e-11 3.66237582110991e-11 4.80689298415141e-11 5.90934051360304e-11 5.91919974175556e-11 4.58940695395218e-11 2.80271386200949e-11 1.61308175626836e-11 1.34482249075663e-11 1.71295105142185e-11 2.42156371431563e-11 3.50973175286678e-11 5.30383592230559e-11 7.99509481267085e-11 1.10564750217515e-10 1.32603633681982e-10 1.34133160103098e-10 1.11413563620004e-10 7.47786678536889e-11 4.46254296744807e-11 3.57539218282776e-11 4.89693429493991e-11 7.6163824709342e-11 1.05128508596222e-10 1.22177939264431e-10 1.19984256769816e-10 1.02262753263421e-10 7.7867358173453e-11 5.50556426015045e-11
3.45210826172967e-13 1.40323260235694e-12 4.21726467715146e-12 9.73209827266188e-12 1.79460875028609e-11 2.70326975927089e-11 3.34120021360623e-11 3.51282801535401e-11 3.56971656057754e-11 3.94455026263624e-11 4.32820769202219e-11 4.08208136295607e-11 3.31669916597449e-11 2.75807721852454e-11 2.77134732537475e-11 3.05739624900106e-11 3.07490469394265e-11 2.56000933489045e-11 1.79500948012399e-11 1.34329804896178e-11 1.46862021433732e-11 1.92925078311226e-11 2.38746787666309e-11 2.88937578732534e-11 3.82702267011754e-11 5.51383503369536e-11 7.74941075781109e-11 9.69942976167884e-11 1.03558625359462e-10 9.1957058823493e-11 6.6534964790258e-11 4.11257081593789e-11 3.03852666943684e-11 4.14445574636211e-11 7.32223247333514e-11 1.15725509754346e-10 1.5101060158775e-10 1.64526189686643e-10 1.53910180838576e-10 1.24862545855294e-10 8.8498790560123e-11
7.30613346309618e-14 3.50900278538601e-13 1.26121203850215e-12 3.51914411818569e-12 7.84882786638418e-12 1.40721888672877e-11 2.0181319929892e-11 2.41126242418336e-11 2.78747135697432e-11 3.56777299815196e-11 4.50603683609698e-11 4.7040726315162e-11 3.89674441057686e-11 2.85141396825604e-11 2.23524954619185e-11 1.9588380295148e-11 1.68877864403318e-11 1.32505161937832e-11 1.00836809016539e-11 1.00834180658323e-11 1.48521871790298e-11 2.19912212841854e-11 2.67182575253797e-11 2.78619764263503e-11 2.93445603959767e-11 3.50544285869668e-11 4.50661363882464e-11 5.5672229402586e-11 6.13186072383301e-11 5.79211619669248e-11 4.6019790261502e-11 3.21080927227296e-11 2.58200173349284e-11 3.55878629063175e-11 6.7009118338949e-11 1.18063869712685e-10 1.73098811734631e-10 2.11193571796693e-10 2.20075246830765e-10 1.96303068426705e-10 1.47181930624346e-10
1.1443859287694e-14 6.63282669333999e-14 2.93545097969536e-13 1.02307688520593e-12 2.83986343295771e-12 6.19836240001026e-12 1.05089904532684e-11 1.4426957560008e-11 1.87450525208421e-11 2.69572360707594e-11 3.86339753040172e-11 4.55315456835546e-11 4.13287182572782e-11 3.08998901919932e-11 2.26764879674263e-11 1.80408098906252e-11 1.40352658881118e-11 9.92284820793243e-12 7.21961188114891e-12 7.80900348673202e-12 1.31170455901405e-11 2.16525569997188e-11 2.80545109226348e-11 2.84925213583711e-11 2.54434679063309e-11 2.36428865131002e-11 2.45799898444262e-11 2.70061414328738e-11 2.90477502147518e-11 2.89870019321652e-11 2.62538133336965e-11 2.27961150074142e-11 2.3233832241175e-11 3.35818178116146e-11 6.07511501973418e-11 1.0921533066437e-10 1.72011680931553e-10 2.30042085560094e-10 2.63877310848026e-10 2.58902275997696e-10 2.11054015765906e-10
1.55027267914703e-15 1.12949239582786e-14 6.32210360578448e-14 2.75446332459888e-13 9.30351285817807e-13 2.39919578392876e-12 4.69802053115698e-12 7.31233754046994e-12 1.05623074955134e-11 1.67801875682898e-11 2.68980230466587e-11 3.56651468355925e-11 3.59736497150924e-11 2.86653455180676e-11 2.11183428809825e-11 1.69230643455326e-11 1.41152733768448e-11 1.11906317338641e-11 8.85121877362605e-12 8.33913999901127e-12 1.13218442262524e-11 1.83101226517867e-11 2.55832941173722e-11 2.76996479451847e-11 2.4170672255268e-11 1.92509038866418e-11 1.57643042537131e-11 1.37111405683767e-11 1.29432399609906e-11 1.36767504361697e-11 1.56118680774856e-11 1.84610526729203e-11 2.38272006948675e-11 3.58723264426245e-11 5.98981801390388e-11 1.00292711624273e-10 1.56142469729307e-10 2.16540639077383e-10 2.63311793297082e-10 2.76708179284811e-10 2.43222070400193e-10
4.52434087336699e-16 4.18784380752092e-15 2.80165527054006e-14 1.36125001596724e-13 4.83301543172846e-13 1.2642556601465e-12 2.48055291990538e-12 3.87071462133394e-12 5.65320592835324e-12 9.37493175639995e-12 1.63063696335616e-11 2.38385272158939e-11 2.63852138902875e-11 2.23451696870291e-11 1.64536781816388e-11 1.31712679349939e-11 1.24229155036646e-11 1.26157486332352e-11 1.28751768649944e-11 1.2571220812956e-11 1.26191692194002e-11 1.55703927214217e-11 2.1290854344494e-11 2.53077141392239e-11 2.43702028171482e-11 2.02230392055279e-11 1.56772570145602e-11 1.15357594259585e-11 8.66374435602222e-12 8.89918681483734e-12 1.29627148422569e-11 1.93770612774693e-11 2.72174699596451e-11 3.99518707478577e-11 6.3427565704861e-11 9.97709615707258e-11 1.4628483438147e-10 1.9678333195467e-10 2.39029159172706e-10 2.55290886036952e-10 2.31781374223597e-10
3.40412938039288e-16 3.68418735047633e-15 2.80087100498615e-14 1.49748535658397e-13 5.64203027441055e-13 1.50400752680239e-12 2.8665356434835e-12 4.05245335475632e-12 4.84634038981899e-12 6.49768314058425e-12 1.06280700014821e-11 1.61669303964736e-11 1.89892515448954e-11 1.66619537484387e-11 1.18251284326062e-11 8.74677561928907e-12 9.03707742818893e-12 1.21394165429013e-11 1.64446271892472e-11 1.89928178766158e-11 1.81696618107236e-11 1.68113828187027e-11 1.86202651528805e-11 2.25941817005189e-11 2.48922308295238e-11 2.42552509563968e-11 2.15345661651614e-11 1.69161357025107e-11 1.16624022288587e-11 9.42347203851823e-12 1.30171603982802e-11 2.11511495404817e-11 3.0311535364533e-11 4.17679117137763e-11 6.33233222336873e-11 9.92666738747921e-11 1.4398503187041e-10 1.88776543414128e-10 2.23676847125892e-10 2.3316509443847e-10 2.06511325513157e-10
2.3448085640851e-16 2.93589220679655e-15 2.57394383512539e-14 1.58033670467002e-13 6.79705965327598e-13 2.04947471954344e-12 4.34374744329378e-12 6.54524036460089e-12 7.37650400122935e-12 7.46967978901234e-12 9.19511306643397e-12 1.30700202745043e-11 1.58852358402149e-11 1.44391815357278e-11 9.88088070657103e-12 6.16347972995918e-12 5.97649031983819e-12 1.00034743549029e-11 1.72209038082935e-11 2.37781896616964e-11 2.51859192880557e-11 2.1965121000919e-11 1.93867212883416e-11 2.05581723170762e-11 2.38239747631285e-11 2.67600525916649e-11 2.79084760047891e-11 2.52913867716939e-11 1.87577281345084e-11 1.27695238500473e-11 1.2773703645562e-11 1.95625937551261e-11 2.88005659277558e-11 3.80884997553844e-11 5.39779116276438e-11 8.52107913456316e-11 1.29796936513529e-10 1.77306325172859e-10 2.15705067504828e-10 2.2719643361439e-10 1.97785994545133e-10
1.17884308977504e-16 1.70961065784815e-15 1.73553776152716e-14 1.23331906217788e-13 6.13541703362722e-13 2.13707282844233e-12 5.21606194557745e-12 8.95412507025488e-12 1.10038665441748e-11 1.04668454430911e-11 9.80270734133705e-12 1.15335317872051e-11 1.4119574500993e-11 1.38017779502473e-11 9.92539729250111e-12 5.68985677762194e-12 4.4033965500178e-12 7.61865718112648e-12 1.52273678906887e-11 2.41948032136509e-11 2.90788159032338e-11 2.74232293129968e-11 2.28094313892327e-11 2.0158247849885e-11 2.09714111604e-11 2.43438323895608e-11 2.84442571528916e-11 2.96291141798349e-11 2.49967580213841e-11 1.72398943534916e-11 1.2801215802644e-11 1.51619052465287e-11 2.1877352914912e-11 2.87234560195137e-11 3.78673210199816e-11 5.82491667851189e-11 9.43709166036679e-11 1.40931420423406e-10 1.86914178745739e-10 2.12568801327461e-10 1.95631187341477e-10
