results/Maxent_Output/Rana_temporaria_kde_bias.asc
NCOLS 100 
NROWS 100 
XLLCORNER 0 
YLLCORNER 0 
CELLSIZE 0.01 
NODATA_value -9999 
[rows 72 to 89 of 100, columns 41 to 81 of 100]
1.1887079073396e-11 1.82355576439368e-11 2.02340110191785e-11 1.63658389909697e-11 9.92706458645122e-12 5.20962652814468e-12 3.5118494257056e-12 3.34696230627048e-12 2.97281714578447e-12 2.02265426985978e-12 1.22353763159267e-12 1.81961203813422e-12 7.12867722713793e-12 2.61290347023553e-11 7.40979380108401e-11 1.63646127366921e-10 2.87247561343044e-10 4.03318232883368e-10 4.49765257407889e-10 3.98516169758709e-10 2.91908414556867e-10 1.96139379550615e-10 1.42262098745145e-10 1.3451295845677e-10 1.69513101166194e-10 2.19274966231649e-10 2.32541805304823e-10 1.84765710919505e-10 1.0689592067647e-10 4.47714710637039e-11 1.368048692092e-11 3.12011867685491e-12 5.55910193152885e-13 1.13602559807694e-13 2.82923879167858e-13 1.56569367550608e-12 6.31394585856812e-12 1.79886309289944e-11 3.63715469397668e-11 5.29120230655721e-11 5.77344107590079e-11
6.91501863737315e-12 1.18283840908303e-11 1.4516568111796e-11 1.28623438198497e-11 8.31958479741963e-12 4.11012654289548e-12 1.91252422008692e-12 1.27418474443069e-12 1.09759318289256e-12 8.12131700214694e-13 4.9899919007307e-13 6.27484683861825e-13 2.6043353501827e-12 1.0982221283585e-11 3.6486932208804e-11 9.61905870841185e-11 2.04183595932087e-10 3.46370809879145e-10 4.58554000726317e-10 4.64865423039959e-10 3.6379965801813e-10 2.33267631185117e-10 1.39328554108545e-10 9.21756791157502e-11 7.8903083845674e-11 8.51316668893889e-11 9.08828855263058e-11 7.89304717942358e-11 5.13040604293462e-11 2.4239240544806e-11 8.26076423742567e-12 2.0406602807634e-12 3.73106598590882e-13 6.65532836383119e-14 1.44146963676361e-13 9.13928500405657e-13 4.24360648570823e-12 1.3894725464826e-11 3.21498603467389e-11 5.29071684905996e-11 6.31732587728571e-11
3.00361301006804e-12 5.7954054847053e-12 7.96060190113867e-12 7.82575356944394e-12 5.54401246290607e-12 2.87458338547866e-12 1.16997834469463e-12 4.99844255465555e-13 3.27500259009496e-13 2.49303748591362e-13 1.71568278378265e-13 2.2569742388702e-13 9.16293307515251e-13 4.05364200213396e-12 1.5091221459233e-11 4.67816961349791e-11 1.19268335675609e-10 2.42299190702818e-10 3.78320485231438e-10 4.42742843961112e-10 3.86775004387918e-10 2.60076992764251e-10 1.47294004214615e-10 8.21011530999704e-11 5.25007152380818e-11 4.12356491685469e-11 3.70935524148194e-11 3.19961477604238e-11 2.28072869412101e-11 1.24373425739205e-11 5.0211901805561e-12 1.48385008282536e-12 3.21170342716142e-13 5.61811297719253e-14 6.14715811022257e-14 4.23789512778751e-13 2.2773954220078e-12 8.65010328250718e-12 2.32655357430033e-11 4.45547219335502e-11 6.15036124216704e-11
9.59969082189753e-13 2.10926900942303e-12 3.27916966697882e-12 3.62136287748752e-12 2.85536158992315e-12 1.61980692810131e-12 6.75666480504337e-13 2.30322966766519e-13 9.35617346681334e-14 6.06526299453591e-14 5.46708230579451e-14 1.2804566431911e-13 5.40566231424316e-13 2.08493501522963e-12 7.09632889610233e-12 2.23075065886907e-11 6.26050475334725e-11 1.44608530502115e-10 2.57640492628925e-10 3.42092150897425e-10 3.34986486777645e-10 2.45560183763751e-10 1.43282339370229e-10 7.68878067649307e-11 4.63404199925367e-11 3.4261632593068e-11 2.89930734511272e-11 2.52193090247433e-11 2.02381445977465e-11 1.35593855112378e-11 7.06371290049256e-12 2.74820658465486e-12 7.82391951691282e-13 1.62610935126559e-13 4.16494474026562e-14 1.59920122690001e-13 9.85263206481304e-13 4.36890710896912e-12 1.37935215848667e-11 3.12090194428482e-11 5.11338759612791e-11
2.2337270410863e-13 5.62666439558055e-13 9.98603415288582e-13 1.25202175463674e-12 1.112885398188e-12 7.04722176383967e-13 3.20701770666025e-13 1.08171562764328e-13 3.16593337194173e-14 1.37807220144115e-14 2.05939559634017e-14 9.85038190161008e-14 4.81719555186819e-13 1.79575442746996e-12 5.31436315557127e-12 1.40407882493061e-11 3.58626708820887e-11 8.35624372249715e-11 1.58858477878299e-10 2.29933838568784e-10 2.47042123473448e-10 1.97818694834851e-10 1.2339341122686e-10 6.85140916118848e-11 4.34991860226542e-11 3.65558669412587e-11 3.61721978247994e-11 3.68494507025954e-11 3.51762570035714e-11 2.84483891764172e-11 1.79461203678666e-11 8.41806952558127e-12 2.86870363084188e-12 7.02602225780027e-13 1.27345350654644e-13 6.25626537125737e-14 3.47123688889175e-13 1.80076918423056e-12 6.72309149453663e-12 1.81428901994182e-11 3.5737731077604e-11
3.75816063698861e-14 1.08997154597763e-13 2.2213182699958e-13 3.18629545283005e-13 3.22435557072276e-13 2.3091795748019e-13 1.17588588298086e-13 4.30182042082412e-14 1.18562863081178e-14 3.72412187054453e-15 9.20284267816275e-15 6.60690374557509e-14 3.76538255429476e-13 1.54427078488499e-12 4.68158373599736e-12 1.1355931714741e-11 2.49314346329164e-11 5.27298296474028e-11 9.95932435343951e-11 1.50963202848852e-10 1.73790250356658e-10 1.50823294590433e-10 1.02553730750772e-10 6.18101140439425e-11 4.21006232491502e-11 3.84430220553059e-11 4.27172554242125e-11 5.01743836825927e-11 5.6025084935602e-11 5.31636517948323e-11 3.92563265770435e-11 2.1484294056012e-11 8.5192338775858e-12 2.42204115303997e-12 4.91854027137405e-13 8.20536719265039e-14 1.04622061307866e-13 5.9863727906539e-13 2.65264044109593e-12 8.57080018663868e-12 2.03481749045843e-11
4.56484404138404e-15 1.52831599639657e-14 3.58962915210419e-14 5.92063751375163e-14 6.86727337095349e-14 5.61254328958164e-14 3.24129643434904e-14 1.32886853825413e-14 3.93020964877277e-15 1.14409108380683e-15 3.70166808513517e-15 3.30295651690586e-14 2.18134994293351e-13 1.01966024548114e-12 3.42369106595096e-12 8.62707219476739e-12 1.79194478210439e-11 3.45163186854507e-11 6.30225843648094e-11 9.91936982112668e-11 1.23267105269892e-10 1.1802576632289e-10 9.05667104988535e-11 6.23352421443429e-11 4.54937545277234e-11 3.99309442825602e-11 4.32295210860472e-11 5.44059905766305e-11 6.93263455148565e-11 7.64421390126765e-11 6.56299368909397e-11 4.16640150328175e-11 1.91257433685295e-11 6.28602579431594e-12 1.47181069193598e-12 2.46749216715017e-13 5.02808874378598e-14 1.58358881798386e-13 8.23276766405189e-13 3.18398022341199e-12 9.08260021610871e-12
4.71112307492261e-16 1.82147292744014e-15 4.93505524139037e-15 9.374526856534e-15 1.24941840429468e-14 1.16954466772822e-14 7.70051303075721e-15 3.57427168769376e-15 1.17750252746588e-15 3.47305700881207e-16 1.14358716451549e-15 1.19271294294135e-14 9.11343394855596e-14 4.9009061160676e-13 1.86930658345132e-12 5.17925043026233e-12 1.10711965968911e-11 2.04301781544808e-11 3.59589776636337e-11 5.86654233156002e-11 8.01881313902994e-11 8.73903294994557e-11 7.85307295580102e-11 6.41846677573477e-11 5.21120664065043e-11 4.34637214020587e-11 4.08113532834789e-11 4.93023856126738e-11 6.89560349029521e-11 8.73624351265129e-11 8.65621867053393e-11 6.32797608371892e-11 3.33921132405278e-11 1.26049852857036e-11 3.38825766160345e-12 6.46936917797086e-13 9.10335888853738e-14 3.94349395331133e-14 1.95880560122932e-13 9.03002419883057e-13 3.08140388378737e-12
3.38023930192927e-16 1.50664558905745e-15 4.70227582583286e-15 1.02767672034957e-14 1.57282345384048e-14 1.68581562572401e-14 1.26558138441005e-14 6.65552075141836e-15 2.45287490290014e-15 6.4738252654831e-16 3.6407237125771e-16 3.13930511439575e-15 2.75247938662512e-14 1.70407738332004e-13 7.44413080238305e-13 2.32355245101718e-12 5.37053179545375e-12 1.00000393752389e-11 1.70523394636047e-11 2.82826516219077e-11 4.2413479551848e-11 5.33148596263733e-11 5.70422390748456e-11 5.62218534173358e-11 5.30245460185741e-11 4.62651025202449e-11 3.93030047367398e-11 4.19795448832604e-11 6.04778793768064e-11 8.59270618729943e-11 9.67164546399884e-11 8.02436298959315e-11 4.80180945921154e-11 2.05596983548242e-11 6.2736952282881e-12 1.360766004739e-12 2.09790540287574e-13 2.74402842958884e-14 3.64887503697801e-14 1.91684334982335e-13 7.7913366721656e-13
9.40423993907388e-16 4.86135496960703e-15 1.75971452478669e-14 4.46053765116273e-14 7.91774487243504e-14 9.84225596672839e-14 8.56794357781388e-14 5.22345315288206e-14 2.23023675991808e-14 6.67188617435239e-15 1.44927461955179e-15 9.03009835555197e-16 6.7098422427835e-15 4.58995063540984e-14 2.24636768915274e-13 7.85822182448724e-13 1.99860364833219e-12 3.89752616463205e-12 6.539140833407e-12 1.07249841623993e-11 1.72098530764341e-11 2.48305110618588e-11 3.17716379634465e-11 3.80715381859343e-11 4.29329353103774e-11 4.26561675302767e-11 3.7480585858645e-11 3.68223228769749e-11 5.1343378935202e-11 7.84408748287371e-11 9.79694815337168e-11 9.06050424229746e-11 6.04912580968584e-11 2.89314794928219e-11 9.87837087415026e-12 2.40227940550846e-12 4.15312458357186e-13 5.14506170648049e-14 9.00007179001902e-15 3.03262933335965e-14 1.45212446433115e-13
2.02749033250782e-15 1.21637576495528e-14 5.11051616946515e-14 1.5036948324334e-13 3.09858003241623e-13 4.47181844407809e-13 4.51996018689885e-13 3.19981451641996e-13 1.58659411883909e-13 5.51038807299546e-14 1.34336665233792e-14 2.63117577349624e-15 3.24232555612669e-15 1.85702579072874e-14 8.51007467985843e-14 2.88108075237881e-13 7.24781794256707e-13 1.38948107726963e-12 2.19672859072456e-12 3.33605200603118e-12 5.39343684748368e-12 8.74577549859948e-12 1.34422687718588e-11 1.99041949174544e-11 2.76337326007794e-11 3.31151619903255e-11 3.35066314739804e-11 3.34731335940291e-11 4.34618941797649e-11 6.70518760882093e-11 9.03433337245543e-11 9.19679809244176e-11 6.79235833714821e-11 3.59956762689516e-11 1.36349099684915e-11 3.68391358186464e-12 7.08746935590528e-13 9.69849162713872e-14 9.85669325060051e-15 4.1108553953292e-15 1.98542512371993e-14
3.154851988521e-15 2.19744900599096e-14 1.07198233014563e-13 3.66265651652506e-13 8.76506996639817e-13 1.4691840510976e-12 1.72492299855746e-12 1.4185577041254e-12 8.1718277692448e-13 3.29761269484284e-13 9.3249813273432e-14 1.8884976152124e-14 6.36771389584057e-15 2.42330235182449e-14 1.06771446039539e-13 3.37086481429639e-13 7.59986984218123e-13 1.23945233561147e-12 1.5170186332851e-12 1.57200661182978e-12 1.81824354319877e-12 2.80703338739777e-12 5.0196785887269e-12 9.20854134900595e-12 1.59731016703462e-11 2.3768292206309e-11 2.90840273546063e-11 3.1469689209857e-11 3.70161724468008e-11 5.22719696480746e-11 7.22012490271373e-11 7.9785771874393e-11 6.51165227585039e-11 3.83112491640672e-11 1.61293132336805e-11 4.84549247674101e-12 1.03701583981962e-12 1.57900048500655e-13 1.71144412350161e-14 1.60364935301969e-15 2.0466790717275e-15
3.54434255866791e-15 2.8673117607013e-14 1.62475109823352e-13 6.44885415752591e-13 1.79297050685693e-12 3.49196295668308e-12 4.76412232861827e-12 4.55327318523586e-12 3.04861478352546e-12 1.4299804408644e-12 4.69942068341361e-13 1.08653618962743e-13 2.2276952372451e-14 3.6865736449052e-14 1.77235831320824e-13 6.31357486293798e-13 1.58323698458562e-12 2.79869770539697e-12 3.51059618266876e-12 3.21467342376369e-12 2.44468068388597e-12 2.26258970363785e-12 3.31461196744645e-12 5.97307464518988e-12 1.09771241213663e-11 1.84536786390906e-11 2.60288309517778e-11 3.04921356649947e-11 3.2756271313422e-11 3.82540498949495e-11 4.88428233839878e-11 5.62223289108075e-11 5.02861196122613e-11 3.29408003499381e-11 1.5505673580055e-11 5.21242449342015e-12 1.24832155001458e-12 2.12681855581092e-13 2.57492659135908e-14 2.23039144753534e-15 2.78116359974619e-16
2.87945516836152e-15 2.70660724563336e-14 1.78220213719742e-13 8.22084034350375e-13 2.65652255467342e-12 6.01393960549642e-12 9.53811940319554e-12 1.0598247461307e-11 8.25053234294023e-12 4.50002642312483e-12 1.71967590961602e-12 4.60815296744651e-13 9.0948046284346e-14 4.97814836082989e-14 2.27882972514806e-13 9.40784461656756e-13 2.7430052035341e-12 5.63104401603879e-12 8.16612221329174e-12 8.47612863075778e-12 6.68342016402658e-12 5.03052249277181e-12 5.30133687435724e-12 7.5040429205581e-12 1.13101747739955e-11 1.71304073575205e-11 2.41896873399824e-11 2.91650386050482e-11 2.97605334863223e-11 2.84828578859631e-11 2.95468961459286e-11 3.2080468209629e-11 3.03052401596474e-11 2.19334404570934e-11 1.15692110863876e-11 4.37506670716047e-12 1.17974829050257e-12 2.26340828232137e-13 3.08552205511406e-14 2.98616007971391e-15 2.12346226286093e-16
1.69436730400053e-15 1.85127774723565e-14 1.41707795915905e-13 7.59947376254672e-13 2.85528796902349e-12 7.51625330479101e-12 1.38626382590721e-11 1.79139194210855e-11 1.62196748474728e-11 1.02897850826431e-11 4.57392630852596e-12 1.42482416425212e-12 3.14083904908126e-13 7.87310815667498e-14 2.19718197620138e-13 1.03861686796994e-12 3.53354679303787e-12 8.47092351368731e-12 1.43400322810345e-11 1.7283628993365e-11 1.53423068913311e-11 1.14710942693115e-11 9.98127527558712e-12 1.17698905421204e-11 1.50143889476058e-11 1.8838708749411e-11 2.34440406947711e-11 2.703290114679e-11 2.65998023775672e-11 2.23823204601339e-11 1.80449496501098e-11 1.5923031309793e-11 1.4426094731845e-11 1.11429581428853e-11 6.53275422864436e-12 2.78098594923998e-12 8.4725599261189e-13 1.8384081431931e-13 2.83538435927402e-14 3.10444585065763e-15 2.41319853006649e-16
7.23270831354962e-16 9.18905667358337e-15 8.17963462212232e-14 5.10149101827877e-13 2.22929300630742e-12 6.82574092808707e-12 1.46436754003116e-11 2.20126450623561e-11 2.31856646653584e-11 1.71117530568399e-11 8.84909459905017e-12 3.20661053495429e-12 8.15775860299911e-13 1.63591891354354e-13 1.68603181937716e-13 8.51697643920518e-13 3.37938877628338e-12 9.46633805174369e-12 1.87244692519215e-11 2.62990980569322e-11 2.67806863681291e-11 2.14267405857877e-11 1.69925619228976e-11 1.71945020254311e-11 1.98213496897531e-11 2.19379586266828e-11 2.35175528498233e-11 2.46221962717762e-11 2.31628412099727e-11 1.82270925262567e-11 1.22538690687421e-11 8.04183043859376e-12 5.89012884855214e-12 4.4088284777952e-12 2.77914437671245e-12 1.32061407474018e-12 4.54325838883822e-13 1.11698703790542e-13 1.954084501507e-14 2.42811102452823e-15 2.1405804178635e-16
2.24272101960377e-16 3.31418237978367e-15 3.43158849831137e-14 2.48963596987587e-13 1.26561519454722e-12 4.50811662655415e-12 1.12516905309954e-11 1.96775129875618e-11 2.41130487400202e-11 2.07043832961094e-11 1.24565745521874e-11 5.25122598336066e-12 1.55171900555741e-12 3.29422424592668e-13 1.25284388076251e-13 5.23715497892126e-13 2.40937130079421e-12 7.88221304358369e-12 1.82079503197554e-11 2.98132711200849e-11 3.50720691485656e-11 3.11615111581307e-11 2.44600521883373e-11 2.19614325281004e-11 2.3182334905348e-11 2.38796278096222e-11 2.28943980889399e-11 2.15022306847242e-11 1.92259721113066e-11 1.4766261923089e-11 9.19370940891564e-12 4.82929459467718e-12 2.50490735606619e-12 1.48985848360397e-12 9.13449267596373e-13 4.6901987047508e-13 1.80671934270927e-13 5.026760713944e-14 9.98288561721818e-15 1.4096771266894e-15 1.41311717470237e-16
5.05669663414722e-17 8.69318405331196e-16 1.0471768275382e-14 8.8387523411473e-14 5.22746813288409e-13 2.16630738267428e-12 6.29035100070923e-12 1.27983138242964e-11 1.82452490813378e-11 1.82247363765835e-11 1.27550330067917e-11 6.25467898956203e-12 2.14911439503387e-12 5.20103114488195e-13 1.18040563671166e-13 2.47134077395398e-13 1.28326851423155e-12 4.89490014166792e-12 1.31863448895196e-11 2.51439082259129e-11 3.42449542977221e-11 3.44039385676141e-11 2.83139332910773e-11 2.37895603441212e-11 2.31934208476353e-11 2.27845454187422e-11 2.02710353641037e-11 1.71006973091935e-11 1.43077624504252e-11 1.0957957226005e-11 6.86540684705191e-12 3.36971069035962e-12 1.36475840569854e-12 5.45304791736056e-13 2.57533894148815e-13 1.28184361370439e-13 5.34999002614369e-14 1.67041735376169e-14 3.76000305649602e-15 6.03506280860078e-16 6.88339456507846e-17
