results/Maxent_Output/Rana_temporaria_kde_bias.asc
NCOLS 100 
NROWS 100 
XLLCORNER 0 
YLLCORNER 0 
CELLSIZE 0.01 
NODATA_value -9999 
[rows 54 to 71 of 100, columns 41 to 81 of 100]
7.12691596327855e-14 1.64921997584948e-13 2.69807879016611e-13 3.15805537424865e-13 2.74718545468583e-13 2.06410935114781e-13 2.164336168578e-13 3.96146624120043e-13 7.35403538978449e-13 1.03479985924563e-12 1.05002559904318e-12 8.22621399398399e-13 7.54192093268575e-13 1.44162893580833e-12 4.00103843131611e-12 1.17448962021403e-11 3.23357586149511e-11 7.45178828048179e-11 1.36258520305243e-10 2.00142101454578e-10 2.48331985718236e-10 2.73251706112564e-10 2.723006563404e-10 2.49850770575216e-10 2.20299679912629e-10 1.96423421624839e-10 1.81554942162919e-10 1.71298857320708e-10 1.54683108378016e-10 1.22677094003699e-10 8.29100224667242e-11 5.7907003288548e-11 6.65283434893761e-11 1.10245617050213e-10 1.66636074906688e-10 1.96334820691186e-10 1.79823540447949e-10 1.42576063203656e-10 1.19299370902328e-10 1.11224823576026e-10 9.94838340331474e-11
1.01474446577789e-14 2.96103534512207e-14 6.72604445081713e-14 1.25744470588641e-13 1.99000914008598e-13 2.59698892200531e-13 2.70093497926676e-13 2.33729497067847e-13 2.02904191263535e-13 2.05272859292967e-13 2.20207264629084e-13 2.9344261846306e-13 7.114845055637e-13 2.08716264030677e-12 5.25537765964791e-12 1.14945926674846e-11 2.41480213039617e-11 4.96050430163745e-11 9.20184942063463e-11 1.45551782159081e-10 1.97186156903305e-10 2.34750776448807e-10 2.48623271623235e-10 2.37468022194487e-10 2.12637299845811e-10 1.85923576296868e-10 1.61398028424033e-10 1.4102824002138e-10 1.23753414834239e-10 1.0253098051314e-10 7.50563604736576e-11 5.30931780095669e-11 5.38404594322007e-11 8.57367996727008e-11 1.38415698643875e-10 1.79358421025929e-10 1.77717531570316e-10 1.41415360643126e-10 1.06728591719742e-10 9.08991108348567e-11 8.2240752245763e-11
2.14914498723572e-15 1.11458805082377e-14 4.97187490024923e-14 1.68980548921916e-13 4.19320661070709e-13 7.44082215813223e-13 9.39305315521194e-13 8.51899668660295e-13 5.7521370248932e-13 3.15872163686146e-13 1.79861545613663e-13 2.42449203067371e-13 8.54829852185803e-13 2.92124719475373e-12 7.6008250503681e-12 1.52932920266697e-11 2.58530055178914e-11 4.12981278544554e-11 6.60858719378248e-11 1.01381251383556e-10 1.41703770863018e-10 1.78016646115863e-10 1.99811459913022e-10 2.00456914426527e-10 1.84761224370212e-10 1.6197838098228e-10 1.36223668924344e-10 1.1125192288404e-10 9.19544082151936e-11 7.71448142806581e-11 6.22756856364402e-11 4.9815218397e-11 4.9217748781056e-11 6.77130611853475e-11 1.02531804739246e-10 1.35938064340787e-10 1.43437470187895e-10 1.20427885800166e-10 8.99868841217784e-11 7.22113631390275e-11 6.37682051338427e-11
1.76853695785749e-15 1.13453360118165e-14 6.75982597111134e-14 2.84823917485146e-13 8.43601248201281e-13 1.75664760168178e-12 2.58336988369717e-12 2.7191394590629e-12 2.11659445503944e-12 1.30296651925153e-12 7.09917810848884e-13 4.86679928336019e-13 1.00275585101471e-12 3.44281991243551e-12 9.63896692696788e-12 2.01743541822911e-11 3.26683314853351e-11 4.45727704661172e-11 5.76833044453599e-11 7.57335429901016e-11 9.83711303981984e-11 1.21440261209259e-10 1.39611629930722e-10 1.47826855730322e-10 1.45233892836051e-10 1.33902941366439e-10 1.14231911708646e-10 8.974305719008e-11 6.93633539115583e-11 5.80219384301872e-11 5.30088801013386e-11 5.16445074875866e-11 5.54169272515421e-11 6.6218325625479e-11 8.24433258543856e-11 9.72392819190656e-11 1.0022429243491e-10 8.76761831228283e-11 7.00513583861521e-11 5.91927909821273e-11 5.32113491074733e-11
2.11028670621274e-15 1.08306034047314e-14 7.40638344926463e-14 3.61726279435625e-13 1.24203304665083e-12 2.9979216557992e-12 5.11319530329869e-12 6.25252995572057e-12 5.6762804437288e-12 4.09757551682625e-12 2.57625009911535e-12 1.56297401708162e-12 1.45967602772222e-12 3.59299509968169e-12 1.0443141121068e-11 2.36291976448449e-11 4.02410319851827e-11 5.37582248449541e-11 6.13379212628728e-11 6.65097919630016e-11 7.28153644722889e-11 8.02746871588719e-11 8.83574369200328e-11 9.70950074616776e-11 1.0579118042541e-10 1.10707788655586e-10 1.04441124768052e-10 8.50207829350836e-11 6.29477472554085e-11 5.06339475458353e-11 5.0721821558662e-11 5.89787153063296e-11 7.04541255785951e-11 8.04972920719164e-11 8.53052693630317e-11 8.30056083860588e-11 7.39664794762974e-11 6.18265532013677e-11 5.34917189735988e-11 5.26274156335924e-11 5.28720565232081e-11
3.00502322420441e-15 9.18457007203858e-15 6.16142447642342e-14 3.35947152793926e-13 1.32306946440805e-12 3.68644588726423e-12 7.27823867678961e-12 1.03356330611473e-11 1.09600879257515e-11 9.32514527085563e-12 6.93898633153858e-12 4.71757109494004e-12 3.28746865609849e-12 4.22428937579081e-12 1.04767158900704e-11 2.49809720712e-11 4.62705230368242e-11 6.60702739401141e-11 7.58116301877177e-11 7.48884703371814e-11 6.89210349793313e-11 6.33067423475094e-11 6.16677208517762e-11 6.67023610641211e-11 7.93945417842989e-11 9.5881018930351e-11 1.04693288754319e-10 9.53130179205502e-11 7.30810958745014e-11 5.54356307107838e-11 5.36967858500823e-11 6.69078812787521e-11 8.69263514583813e-11 1.02618721737458e-10 1.05166564069297e-10 9.3309049763861e-11 7.31293931549778e-11 5.44961265483196e-11 4.63941799388294e-11 5.05030312263139e-11 5.71838847575265e-11
6.51889580679244e-15 1.43299636336868e-14 5.37603935102786e-14 2.53391517910836e-13 1.06486594481469e-12 3.34689142452349e-12 7.57033778567084e-12 1.24197513860085e-11 1.53664099358142e-11 1.54602570217364e-11 1.37392874411694e-11 1.10403692300416e-11 8.12549132000543e-12 7.22516115983975e-12 1.19549465529139e-11 2.62494709968912e-11 5.10463262181916e-11 7.95865193391937e-11 9.95763484474256e-11 1.03106341557356e-10 9.27125291911819e-11 7.83375860610837e-11 6.99122075820011e-11 7.13215439654729e-11 8.0974012634674e-11 9.565690020837e-11 1.08295018069887e-10 1.07113081732853e-10 8.88483246292343e-11 6.71968745770323e-11 5.91196061719773e-11 7.05208567646523e-11 9.5737449186909e-11 1.20896338643249e-10 1.30664287651887e-10 1.19022033790238e-10 9.29124600239307e-11 6.6173282017658e-11 5.10532697026241e-11 5.13176530008214e-11 5.88249273557477e-11
1.86243453034475e-14 4.55027880052996e-14 1.05503191887541e-13 2.61510244759764e-13 8.1857958112705e-13 2.53114955407596e-12 6.20133079424826e-12 1.14004939098726e-11 1.61687149901024e-11 1.90986329926355e-11 2.02967189560277e-11 1.95331061258042e-11 1.67622329582799e-11 1.47565140855744e-11 1.82890479541758e-11 3.18368185484846e-11 5.79321609654784e-11 9.32138873312255e-11 1.26302952187477e-10 1.44122882178159e-10 1.42121838330656e-10 1.29394448828263e-10 1.2183816975828e-10 1.25635120884316e-10 1.31736429003747e-10 1.30893437447367e-10 1.24175088926135e-10 1.13291361536387e-10 9.5421850390068e-11 7.42571672373464e-11 6.18978544524316e-11 6.76418821742731e-11 9.18405037006174e-11 1.24405328738627e-10 1.4711026001234e-10 1.45786123507616e-10 1.21922765912085e-10 9.01646347558971e-11 6.62058765218177e-11 5.70157608114952e-11 5.8275665221307e-11
4.94516202024262e-14 1.35966559901327e-13 3.14957707880728e-13 5.83366815144235e-13 1.07542564942617e-12 2.34935592214702e-12 5.19126196221319e-12 9.60116706849887e-12 1.44161216172405e-11 1.88724584704489e-11 2.32488313698258e-11 2.65817090092208e-11 2.71417638862144e-11 2.70361966681197e-11 3.20316969015365e-11 4.66540024233378e-11 7.27994870098256e-11 1.09451996524104e-10 1.50025785552356e-10 1.83434467988648e-10 2.01210953135703e-10 2.06844248730355e-10 2.16462402940777e-10 2.38060598622967e-10 2.52426344791844e-10 2.33717144260634e-10 1.84953443715533e-10 1.32782982347913e-10 9.42527497977381e-11 6.92041432594741e-11 5.58970598480293e-11 5.70105288290897e-11 7.55039871968695e-11 1.08379231483781e-10 1.41347971886145e-10 1.55263590899266e-10 1.42447589778059e-10 1.13202728379448e-10 8.50110617107467e-11 6.82437715472224e-11 6.19926429395782e-11
1.08400926381082e-13 3.1260604944463e-13 7.96834995363101e-13 1.5126907962082e-12 2.33921304340249e-12 3.61558552589052e-12 6.22237172283119e-12 1.02669541830978e-11 1.43914231261555e-11 1.79852707703635e-11 2.26776228961868e-11 2.90369986484845e-11 3.47702370663233e-11 4.01916543796095e-11 5.09645587972541e-11 7.13445127968875e-11 1.00040313423793e-10 1.34394764292233e-10 1.72885601714616e-10 2.13662482058655e-10 2.53683081798107e-10 2.92170400926642e-10 3.37544038671615e-10 3.95159164487682e-10 4.37279348212234e-10 4.15086714130998e-10 3.19229555584146e-10 1.99080811155315e-10 1.08571765837487e-10 6.1024193360006e-11 4.24190014618306e-11 4.01916050845744e-11 5.17097047438613e-11 7.77631146543491e-11 1.1165144252988e-10 1.36632421826208e-10 1.38969408355929e-10 1.21231056960077e-10 9.81616104647066e-11 8.17406831197296e-11 7.36330622691093e-11
2.14649195544295e-13 5.63140851489689e-13 1.54881926936232e-12 3.21048359573575e-12 5.03176551618391e-12 6.7392734040189e-12 9.37756015355042e-12 1.38118087111344e-11 1.82477965106918e-11 2.04609805792903e-11 2.23375216449406e-11 2.76990056271418e-11 3.66399487712622e-11 4.82248952603943e-11 6.67601347414831e-11 9.68704704438899e-11 1.3417945056249e-10 1.69596272007834e-10 2.01642236121054e-10 2.40146508803621e-10 2.97630751425307e-10 3.76513375612444e-10 4.70479023972029e-10 5.70753377810889e-10 6.45706770871701e-10 6.3415750602499e-10 5.06722306799203e-10 3.17958628748286e-10 1.57247673922602e-10 6.66268964887059e-11 3.1450931790782e-11 2.35982275665094e-11 2.87204676431314e-11 4.50756889109077e-11 7.13372067898842e-11 9.79326605395459e-11 1.12275561881945e-10 1.11368309091596e-10 1.03342921446468e-10 9.68894164833712e-11 9.40644812886189e-11
4.8603617596417e-13 9.0115960122525e-13 2.36311728026945e-12 5.29894807167812e-12 8.90924092289736e-12 1.16687846247347e-11 1.39382433587534e-11 1.79198844683055e-11 2.30671345533104e-11 2.54202125535949e-11 2.45566826994597e-11 2.61244555741325e-11 3.44935191612542e-11 4.93505664630692e-11 7.25439274425112e-11 1.09471018927263e-10 1.57484987495751e-10 2.01965141591155e-10 2.33600266321639e-10 2.67111632044994e-10 3.35765497779415e-10 4.58405376846372e-10 6.13963929564285e-10 7.58068715849471e-10 8.4572324451435e-10 8.28375642387342e-10 6.79110613894551e-10 4.44869697960808e-10 2.26124561901755e-10 8.93687145409547e-11 3.03826450591958e-11 1.34705486874638e-11 1.30171207872131e-11 2.11028769746969e-11 3.73136018562451e-11 5.85364271619593e-11 7.80655718135378e-11 9.28860832372412e-11 1.05464041061799e-10 1.16760816922141e-10 1.24027847956806e-10
1.3301166839973e-12 1.63789205070403e-12 3.10818038870229e-12 6.90881789434062e-12 1.25259169125888e-11 1.71278156378486e-11 1.90219509260865e-11 2.07022160076793e-11 2.45406858278244e-11 2.758404953354e-11 2.6640366368779e-11 2.59214198561519e-11 3.28561677039888e-11 4.91997863814102e-11 7.33347814844653e-11 1.0842325577092e-10 1.57635401998804e-10 2.10898746810686e-10 2.51254638280284e-10 2.84812137065107e-10 3.57008222510649e-10 5.1633600336232e-10 7.46750899440491e-10 9.55717438202497e-10 1.04693869803432e-09 9.84242309965053e-10 7.88676153621939e-10 5.2327012031656e-10 2.76813268372925e-10 1.13407306973808e-10 3.60554233638254e-11 1.03293772145628e-11 5.41934908646388e-12 8.1918092304747e-12 1.66359317539679e-11 3.08903972613276e-11 4.9933241846346e-11 7.42041577756323e-11 1.04919895991125e-10 1.36412377703482e-10 1.56708926433645e-10
3.48307433811129e-12 3.64885522707521e-12 4.30655712586928e-12 7.57574427393444e-12 1.40378573144895e-11 2.05337651491334e-11 2.29460461840157e-11 2.19644023032384e-11 2.20459901755968e-11 2.39067082719571e-11 2.43719246349552e-11 2.50473721696468e-11 3.38549536565186e-11 5.50067498945657e-11 8.34246204305953e-11 1.13901898922906e-10 1.5031740384354e-10 1.96037103892847e-10 2.40767795205968e-10 2.78061574195595e-10 3.43849075303662e-10 5.10191375603345e-10 7.98019339484423e-10 1.09800114507208e-09 1.23449940987002e-09 1.12919623698461e-09 8.56337168379021e-10 5.44678795656296e-10 2.86830218197231e-10 1.21155810760503e-10 3.98242593686566e-11 1.02783858461268e-11 2.85375200093461e-12 2.83089492795018e-12 6.67136090947987e-12 1.52869182147041e-11 3.06838578649922e-11 5.62150642386953e-11 9.46880499921581e-11 1.39544106905397e-10 1.72408250542738e-10
7.40178545847841e-12 7.93526754554179e-12 7.19920938423969e-12 8.09892823241268e-12 1.2971677116425e-11 1.98351388484113e-11 2.34040956655826e-11 2.15284398483013e-11 1.80722890278866e-11 1.69465479406999e-11 1.7732778887657e-11 2.12766742125456e-11 3.51127857433642e-11 6.63933684506378e-11 1.09214754579527e-10 1.46493650786945e-10 1.69950611957498e-10 1.90083311826719e-10 2.17288392379407e-10 2.48299607151812e-10 2.97107614324066e-10 4.28899111589383e-10 7.06393526249732e-10 1.06498263002081e-09 1.29355067736184e-09 1.22346269358616e-09 9.0861088865094e-10 5.44455212805318e-10 2.70159464199776e-10 1.11328556835101e-10 3.71867791287981e-11 9.77242822551746e-12 2.14071003365566e-12 1.03147330593475e-12 2.57600092093528e-12 7.44999598095088e-12 1.83089341532186e-11 3.9035639207312e-11 7.31269822510382e-11 1.17083563268214e-10 1.54690182431775e-10
1.22150357944081e-11 1.41818889952312e-11 1.24626182630963e-11 9.97704937192316e-12 1.08900453314583e-11 1.55461850797459e-11 1.94685075957147e-11 1.85648963399667e-11 1.42055363637154e-11 1.07749676661968e-11 1.04768180870817e-11 1.51997848755345e-11 3.26538062909426e-11 7.37308943667807e-11 1.36963731831707e-10 1.98405517404363e-10 2.29557666369274e-10 2.28485467185889e-10 2.19844976819763e-10 2.22373121757923e-10 2.42438656227327e-10 3.14749874088086e-10 5.07839302896258e-10 8.25190276243552e-10 1.10961311537324e-09 1.14479468723287e-09 8.92279241110086e-10 5.31758495157085e-10 2.49710030166803e-10 9.5778820160916e-11 3.05675399830353e-11 8.00818273031296e-12 1.70065184068975e-12 4.95294539468531e-13 1.11710988656494e-12 3.99751334775335e-12 1.14495713917137e-11 2.63192406392769e-11 5.04160603399313e-11 8.20325212127639e-11 1.12348026731313e-10
1.56261295354504e-11 1.98352054849246e-11 1.84956667583127e-11 1.3433648421344e-11 9.81834432719063e-12 1.04349646976842e-11 1.2970425637854e-11 1.323848089264e-11 1.02490778934698e-11 6.70020583837309e-12 5.41188705581264e-12 9.05608780925687e-12 2.51327045150743e-11 6.73225785832822e-11 1.42821577368923e-10 2.33325761048264e-10 2.98055032957263e-10 3.08066631244597e-10 2.74885905584449e-10 2.34921946768791e-10 2.12748799643045e-10 2.24540621656089e-10 3.10433230423292e-10 5.04985326530886e-10 7.43019064379049e-10 8.55083705709178e-10 7.34526646115048e-10 4.6716785987108e-10 2.22620095944102e-10 8.18535895685398e-11 2.41992507344575e-11 5.94304074207173e-12 1.22329770675172e-12 3.02658189207332e-13 6.52809254575411e-13 2.74215445824515e-12 8.7202464927364e-12 2.06406218053086e-11 3.77769718128028e-11 5.65661368076087e-11 7.31585038892056e-11
1.55213358208645e-11 2.15882381637704e-11 2.18673558824948e-11 1.64084126397861e-11 1.00120938973236e-11 6.92548094992223e-12 7.06681860915297e-12 7.48678056803271e-12 6.21691637568899e-12 3.97401415856841e-12 2.64387951453239e-12 4.47413231361671e-12 1.52625907089418e-11 4.7978372339402e-11 1.17056898760798e-10 2.20230824938956e-10 3.25309444173852e-10 3.83814762772354e-10 3.68681228895021e-10 3.01280038897991e-10 2.29654540997704e-10 1.8597172564729e-10 1.88333095949691e-10 2.58772713470306e-10 3.87460872491292e-10 4.91241729602945e-10 4.73004775915614e-10 3.34558028065114e-10 1.72835337563988e-10 6.58797793705309e-11 1.90268743709553e-11 4.34456874285777e-12 8.24676184649409e-13 1.90566436740673e-13 4.50963203338669e-13 2.17244525259057e-12 7.69731402888953e-12 1.9499859256013e-11 3.58752739896172e-11 4.97263386498522e-11 5.60585555155698e-11
